    0.0000     0.0000   -1.611881408e-07    0.000000000e+00 
    0.0100     1.1132   -3.603675751e-08   -1.148094857e-08 
    0.0200     2.2264   -1.730449718e-08   -5.622440235e-09 
    0.0300     3.3396   -1.094447418e-08   -3.764396574e-09 
    0.0400     4.4528   -7.624563238e-09   -2.778422957e-09 
    0.0500     5.5660   -5.744353217e-09   -2.143198462e-09 
    0.0600     6.6792   -4.580169248e-09   -1.735484837e-09 
    0.0700     7.7924   -3.698589379e-09   -1.453189748e-09 
    0.0800     8.9056   -3.024712622e-09   -1.220790686e-09 
    0.0900    10.0188   -2.564325589e-09   -1.034850848e-09 
    0.1000    11.1319   -2.208428462e-09   -8.989665374e-10 
    0.1100    12.2451   -1.889833584e-09   -7.856690667e-10 
    0.1200    13.3583   -1.646415639e-09   -6.826103602e-10 
    0.1300    14.4715   -1.472296017e-09   -6.016832436e-10 
    0.1400    15.5847   -1.310425573e-09   -5.388645909e-10 
    0.1500    16.6979   -1.164752115e-09   -4.795522137e-10 
    0.1600    17.8111   -1.062917098e-09   -4.273508743e-10 
    0.1700    18.9243   -9.785257060e-10   -3.886385209e-10 
    0.1800    20.0375   -8.897505752e-10   -3.546885125e-10 
    0.1900    21.1507   -8.198420171e-10   -3.210678427e-10 
    0.2000    22.2639   -7.717982477e-10   -2.947521536e-10 
    0.2100    23.3771   -7.199456705e-10   -2.748463680e-10 
    0.2200    24.4903   -6.685751614e-10   -2.542434380e-10 
    0.2300    25.6035   -6.350074576e-10   -2.354135729e-10 
    0.2400    26.7167   -6.057733190e-10   -2.224279744e-10 
    0.2500    27.8299   -5.694057436e-10   -2.105044474e-10 
    0.2600    28.9431   -5.409755754e-10   -1.973261335e-10 
    0.2700    30.0563   -5.228427838e-10   -1.874598243e-10 
    0.2800    31.1695   -4.994936531e-10   -1.804572024e-10 
    0.2900    32.2826   -4.745737975e-10   -1.719670071e-10 
    0.3000    33.3958   -4.596506333e-10   -1.638707583e-10 
    0.3100    34.5090   -4.458004333e-10   -1.589314899e-10 
    0.3200    35.6222   -4.259218407e-10   -1.539640737e-10 
    0.3300    36.7354   -4.107462467e-10   -1.476079629e-10 
    0.3400    37.8486   -4.016684702e-10   -1.431448013e-10 
    0.3500    38.9618   -3.879786173e-10   -1.402034927e-10 
    0.3600    40.0750   -3.728282696e-10   -1.357973039e-10 
    0.3700    41.1882   -3.644190500e-10   -1.314509742e-10 
    0.3800    42.3014   -3.560489722e-10   -1.291293073e-10 
    0.3900    43.4146   -3.429514057e-10   -1.264696757e-10 
    0.4000    44.5278   -3.332714994e-10   -1.226232748e-10 
    0.4100    45.6410   -3.276885460e-10   -1.200835427e-10 
    0.4200    46.7542   -3.182433328e-10   -1.184753800e-10 
    0.4300    47.8674   -3.077395800e-10   -1.156010447e-10 
    0.4400    48.9806   -3.022505718e-10   -1.127434919e-10 
    0.4500    50.0938   -2.963884977e-10   -1.113439998e-10 
    0.4600    51.2070   -2.868181070e-10   -1.095327604e-10 
    0.4700    52.3202   -2.800031151e-10   -1.067693487e-10 
    0.4800    53.4333   -2.761290160e-10   -1.050223317e-10 
    0.4900    54.5465   -2.690064225e-10   -1.038994933e-10 
    0.5000    55.6597   -2.611855917e-10   -1.017111771e-10 
    0.5100    56.7729   -2.573045787e-10   -9.956722370e-11 
    0.5200    57.8861   -2.528512688e-10   -9.854800657e-11 
    0.5300    58.9993   -2.454459327e-10   -9.711243028e-11 
    0.5400    60.1125   -2.403834076e-10   -9.492276893e-11 
    0.5500    61.2257   -2.375076597e-10   -9.357748545e-11 
    0.5600    62.3389   -2.318584731e-10   -9.267039507e-11 
    0.5700    63.4521   -2.257906273e-10   -9.086469967e-11 
    0.5800    64.5653   -2.229229718e-10   -8.914061488e-11 
    0.5900    65.6785   -2.193744071e-10   -8.831940389e-11 
    0.6000    66.7917   -2.134401895e-10   -8.709626252e-11 
    0.6100    67.9049   -2.095587208e-10   -8.527483837e-11 
    0.6200    69.0181   -2.073339937e-10   -8.418054371e-11 
    0.6300    70.1313   -2.027065681e-10   -8.339897337e-11 
    0.6400    71.2445   -1.978722515e-10   -8.185187549e-11 
    0.6500    72.3577   -1.956956516e-10   -8.041836163e-11 
    0.6600    73.4709   -1.927760441e-10   -7.972719249e-11 
    0.6700    74.5841   -1.879050360e-10   -7.865271056e-11 
    0.6800    75.6972   -1.848668329e-10   -7.710122103e-11 
    0.6900    76.8104   -1.830943288e-10   -7.618909832e-11 
    0.7000    77.9236   -1.792151396e-10   -7.549884129e-11 
    0.7100    79.0368   -1.752901658e-10   -7.414925602e-11 
    0.7200    80.1500   -1.736071739e-10   -7.293773428e-11 
    0.7300    81.2632   -1.711463975e-10   -7.234587755e-11 
    0.7400    82.3764   -1.670755026e-10   -7.138932060e-11 
    0.7500    83.4896   -1.646620310e-10   -7.005102104e-11 
    0.7600    84.6028   -1.632157925e-10   -6.928238925e-11 
    0.7700    85.7160   -1.599049893e-10   -6.866681052e-11 
    0.7800    86.8292   -1.566722660e-10   -6.747789710e-11 
    0.7900    87.9424   -1.553523911e-10   -6.644495069e-11 
    0.8000    89.0556   -1.532374517e-10   -6.593440412e-11 
    0.8100    90.1688   -1.497866236e-10   -6.507677056e-11 
    0.8200    91.2820   -1.478482162e-10   -6.391337899e-11 
    0.8300    92.3952   -1.466433897e-10   -6.326213438e-11 
    0.8400    93.5084   -1.437763838e-10   -6.271030720e-11 
    0.8500    94.6216   -1.410836377e-10   -6.165605409e-11 
    0.8600    95.7348   -1.400364578e-10   -6.077050172e-11 
    0.8700    96.8479   -1.381887744e-10   -6.032819214e-11 
    0.8800    97.9611   -1.352297613e-10   -5.955533682e-11 
    0.8900    99.0743   -1.336599122e-10   -5.853830736e-11 
    0.9000   100.1875   -1.326370900e-10   -5.798468426e-11 
    0.9100   101.3007   -1.301244427e-10   -5.748786566e-11 
    0.9200   102.4139   -1.278612597e-10   -5.654814740e-11 
    0.9300   103.5271   -1.270220750e-10   -5.578591105e-11 
    0.9400   104.6403   -1.253852593e-10   -5.540122214e-11 
    0.9500   105.7535   -1.228239400e-10   -5.470160080e-11 
    0.9600   106.8667   -1.215446782e-10   -5.380846238e-11 
    0.9700   107.9799   -1.206611478e-10   -5.333661469e-11 
    0.9800   109.0931   -1.184369013e-10   -5.288726468e-11 
    0.9900   110.2063   -1.165211174e-10   -5.204580558e-11 
    1.0000   111.3195   -1.158425063e-10   -5.138758922e-11 
    1.0100   112.4327   -1.143751306e-10   -5.105154763e-11 
    1.0200   113.5459   -1.121407549e-10   -5.041542114e-11 
    1.0300   114.6591   -1.110936837e-10   -4.962798879e-11 
    1.0400   115.7723   -1.103181034e-10   -4.922488984e-11 
    1.0500   116.8855   -1.083325361e-10   -4.881641815e-11 
    1.0600   117.9986   -1.067016732e-10   -4.805979183e-11 
    1.0700   119.1118   -1.061481932e-10   -4.748983628e-11 
    1.0800   120.2250   -1.048192279e-10   -4.719479054e-11 
    1.0900   121.3382   -1.028575205e-10   -4.661387811e-11 
    1.1000   122.4514   -1.019980528e-10   -4.591721649e-11 
    1.1100   123.5646   -1.013070418e-10   -4.557204711e-11 
    1.1200   124.6778   -9.952195775e-11   -4.519872630e-11 
    1.1300   125.7910   -9.812760965e-11   -4.451575276e-11 
    1.1400   126.9042   -9.767233222e-11   -4.402105125e-11 
    1.1500   128.0174   -9.645815073e-11   -4.376049066e-11 
    1.1600   129.1306   -9.472672284e-11   -4.322775250e-11 
    1.1700   130.2438   -9.402023709e-11   -4.260948552e-11 
    1.1800   131.3570   -9.339610889e-11   -4.231321599e-11 
    1.1900   132.4702   -9.178167421e-11   -4.197011739e-11 
    1.2000   133.5834   -9.058571444e-11   -4.135144048e-11 
    1.2100   134.6966   -9.020788404e-11   -4.092118129e-11 
    1.2200   135.8098   -8.909023462e-11   -4.068959047e-11 
    1.2300   136.9230   -8.755545252e-11   -4.019905442e-11 
    1.2400   138.0362   -8.697466526e-11   -3.964885874e-11 
    1.2500   139.1493   -8.640388173e-11   -3.939393422e-11 
    1.2600   140.2625   -8.493644359e-11   -3.907685180e-11 
    1.2700   141.3757   -8.390839430e-11   -3.851460921e-11 
    1.2800   142.4889   -8.359181684e-11   -3.813975863e-11 
    1.2900   143.6021   -8.255642003e-11   -3.793248203e-11 
    1.3000   144.7153   -8.119121103e-11   -3.747908980e-11 
    1.3100   145.8285   -8.071433364e-11   -3.698830594e-11 
    1.3200   146.9417   -8.018642987e-11   -3.676838857e-11 
    1.3300   148.0549   -7.884698177e-11   -3.647375803e-11 
    1.3400   149.1681   -7.796215503e-11   -3.596132074e-11 
    1.3500   150.2813   -7.769405723e-11   -3.563429011e-11 
    1.3600   151.3945   -7.672961230e-11   -3.544740951e-11 
    1.3700   152.5077   -7.551189965e-11   -3.502687916e-11 
    1.3800   153.6209   -7.512132762e-11   -3.458820533e-11 
    1.3900   154.7341   -7.462814678e-11   -3.439796614e-11 
    1.4000   155.8473   -7.340122563e-11   -3.412277980e-11 
    1.4100   156.9605   -7.263938111e-11   -3.365453427e-11 
    1.4200   158.0737   -7.240959695e-11   -3.336892000e-11 
    1.4300   159.1869   -7.150707012e-11   -3.319914282e-11 
    1.4400   160.3000   -7.041863574e-11   -3.280785022e-11 
    1.4500   161.4132   -7.009999181e-11   -3.241509382e-11 
    1.4600   162.5264   -6.963513580e-11   -3.225004195e-11 
    1.4700   163.6396   -6.850801853e-11   -3.199176944e-11 
    1.4800   164.7528   -6.785237917e-11   -3.156294490e-11 
    1.4900   165.8660   -6.765275232e-11   -3.131331531e-11 
    1.5000   166.9792   -6.680485397e-11   -3.115788065e-11 
    1.5100   168.0924   -6.583049966e-11   -3.079275120e-11 
    1.5200   169.2056   -6.557193281e-11   -3.044063566e-11 
    1.5300   170.3188   -6.513035674e-11   -3.029697374e-11 
    1.5400   171.4320   -6.409246291e-11   -3.005349283e-11 
    1.5500   172.5452   -6.352898397e-11   -2.966001274e-11 
    1.5600   173.6584   -6.335292926e-11   -2.944174020e-11 
    1.5700   174.7716   -6.255372814e-11   -2.929833125e-11 
    1.5800   175.8848   -6.168064440e-11   -2.895675239e-11 
    1.5900   176.9980   -6.147230111e-11   -2.864075522e-11 
    1.6000   178.1112   -6.105001427e-11   -2.851526418e-11 
    1.6100   179.2244   -6.009245816e-11   -2.828479419e-11 
    1.6200   180.3376   -5.960927286e-11   -2.792316119e-11 
    1.6300   181.4508   -5.945144476e-11   -2.773228144e-11 
    1.6400   182.5639   -5.869607698e-11   -2.759895704e-11 
    1.6500   183.6771   -5.791336753e-11   -2.727870245e-11 
    1.6600   184.7903   -5.774699486e-11   -2.699492633e-11 
    1.6700   185.9035   -5.734083506e-11   -2.688486833e-11 
    1.6800   187.0167   -5.645608382e-11   -2.666591903e-11 
    1.6900   188.1299   -5.604308305e-11   -2.633311465e-11 
    1.7000   189.2431   -5.589912652e-11   -2.616621816e-11 
    1.7100   190.3563   -5.518357455e-11   -2.604135075e-11 
    1.7200   191.4695   -5.448188790e-11   -2.574051659e-11 
    1.7300   192.5827   -5.435052523e-11   -2.548558445e-11 
    1.7400   193.6959   -5.395798641e-11   -2.538862504e-11 
    1.7500   194.8091   -5.313959811e-11   -2.517994785e-11 
    1.7600   195.9223   -5.278810150e-11   -2.487335415e-11 
    1.7700   197.0355   -5.265445773e-11   -2.472749273e-11 
    1.7800   198.1487   -5.197537983e-11   -2.460971772e-11 
    1.7900   199.2619   -5.134662497e-11   -2.432666994e-11 
    1.8000   200.3751   -5.124436758e-11   -2.409763989e-11 
    1.8100   201.4883   -5.086346822e-11   -2.401178188e-11 
    1.8200   202.6015   -5.010588651e-11   -2.381233089e-11 
    1.8300   203.7146   -4.980838983e-11   -2.352966480e-11 
    1.8400   204.8278   -4.968214817e-11   -2.340227767e-11 
    1.8500   205.9410   -4.903674695e-11   -2.329045248e-11 
    1.8600   207.0542   -4.847386954e-11   -2.302378174e-11 
    1.8700   208.1674   -4.839568330e-11   -2.281807736e-11 
    1.8800   209.2806   -4.802486327e-11   -2.274160777e-11 
    1.8900   210.3938   -4.732325706e-11   -2.255050705e-11 
    1.9000   211.5070   -4.707322922e-11   -2.228976658e-11 
    1.9100   212.6202   -4.695200861e-11   -2.217861975e-11 
    1.9200   213.7334   -4.633792654e-11   -2.207178774e-11 
    1.9300   214.8466   -4.583473230e-11   -2.182027445e-11 
    1.9400   215.9598   -4.577630506e-11   -2.163562613e-11 
    1.9500   217.0730   -4.541434420e-11   -2.156707295e-11 
    1.9600   218.1862   -4.476448055e-11   -2.138358871e-11 
    1.9700   219.2994   -4.455620533e-11   -2.114300776e-11 
    1.9800   220.4126   -4.443806332e-11   -2.104614380e-11 
    1.9900   221.5258   -4.385330079e-11   -2.094350580e-11 
    2.0000   222.6390   -4.340431313e-11   -2.070608655e-11 
    2.0100   223.7522   -4.336193836e-11   -2.054048599e-11 
    2.0200   224.8653   -4.300789381e-11   -2.047857981e-11 
    2.0300   225.9785   -4.240603484e-11   -2.030209802e-11 
    2.0400   227.0917   -4.223448110e-11   -2.008010919e-11 
    2.0500   228.2049   -4.211783836e-11   -1.999580631e-11 
    2.0600   229.3181   -4.156068856e-11   -1.989669492e-11 
    2.0700   230.4313   -4.116103594e-11   -1.967244057e-11 
    2.0800   231.5445   -4.113151814e-11   -1.952410079e-11 
    2.0900   232.6577   -4.078467206e-11   -1.946774693e-11 
    2.1000   233.7709   -4.022749460e-11   -1.929775238e-11 
    2.1100   234.8841   -4.008821355e-11   -1.909295853e-11 
    2.1200   235.9973   -3.997179513e-11   -1.901969627e-11 
    2.1300   237.1105   -3.944079046e-11   -1.892355706e-11 
    2.1400   238.2237   -3.908611350e-11   -1.871164926e-11 
    2.1500   239.3369   -3.906669081e-11   -1.857897364e-11 
    2.1600   240.4501   -3.872651014e-11   -1.852722551e-11 
    2.1700   241.5633   -3.821103748e-11   -1.836328709e-11 
    2.1800   242.6765   -3.810007692e-11   -1.817443450e-11 
    2.1900   243.7897   -3.798286308e-11   -1.811086579e-11 
    2.2000   244.9029   -3.747673316e-11   -1.801723865e-11 
    2.2100   246.0160   -3.716310948e-11   -1.781695385e-11 
    2.2200   247.1292   -3.715139223e-11   -1.769850763e-11 
    2.2300   248.2424   -3.681749431e-11   -1.765054621e-11 
    2.2400   249.3556   -3.634104368e-11   -1.749230278e-11 
    2.2500   250.4688   -3.625488042e-11   -1.731826060e-11 
    2.2600   251.5820   -3.613606783e-11   -1.726318778e-11 
    2.2700   252.6952   -3.565370416e-11   -1.717169434e-11 
    2.2800   253.8084   -3.537758681e-11   -1.698238706e-11 
    2.2900   254.9216   -3.537150515e-11   -1.687687709e-11 
    2.3000   256.0348   -3.504363146e-11   -1.683199453e-11 
    2.3100   257.1480   -3.460376787e-11   -1.667914340e-11 
    2.3200   258.2612   -3.453924844e-11   -1.651888626e-11 
    2.3300   259.3744   -3.441821723e-11   -1.647124172e-11 
    2.3400   260.4876   -3.395864536e-11   -1.638157264e-11 
    2.3500   261.6008   -3.371681147e-11   -1.620266512e-11 
    2.3600   262.7140   -3.371457253e-11   -1.610892001e-11 
    2.3700   263.8272   -3.339256507e-11   -1.606650361e-11 
    2.3800   264.9404   -3.298706551e-11   -1.591879110e-11 
    2.3900   266.0536   -3.294136039e-11   -1.577138453e-11 
    2.4000   267.1667   -3.281764667e-11   -1.573021436e-11 
    2.4100   268.2799   -3.238000206e-11   -1.564211876e-11 
    2.4200   269.3931   -3.216951096e-11   -1.547308976e-11 
    2.4300   270.5063   -3.216956384e-11   -1.539004570e-11 
    2.4400   271.6195   -3.185334724e-11   -1.534956504e-11 
    2.4500   272.7327   -3.148017027e-11   -1.520677960e-11 
    2.4600   273.8459   -3.145073278e-11   -1.507136724e-11 
    2.4700   274.9591   -3.132400638e-11   -1.503581721e-11 
    2.4800   276.0723   -3.090751535e-11   -1.494909557e-11 
    2.4900   277.1855   -3.072567266e-11   -1.478947206e-11 
    2.5000   278.2987   -3.072667797e-11   -1.471615750e-11 
    2.5100   279.4119   -3.041624365e-11   -1.467715656e-11 
    2.5200   280.5251   -3.007350341e-11   -1.453912002e-11 
    2.5300   281.6383   -3.005803763e-11   -1.441491478e-11 
    2.5400   282.7515   -2.992808244e-11   -1.438421810e-11 
    2.5500   283.8647   -2.953204518e-11   -1.429871363e-11 
    2.5600   284.9779   -2.937637367e-11   -1.414806286e-11 
    2.5700   286.0911   -2.937717870e-11   -1.408359010e-11 
    2.5800   287.2043   -2.907257168e-11   -1.404567578e-11 
    2.5900   288.3174   -2.875851713e-11   -1.391223886e-11 
    2.6000   289.4306   -2.875494849e-11   -1.379851251e-11 
    2.6100   290.5438   -2.862164696e-11   -1.377198010e-11 
    2.6200   291.6570   -2.824542493e-11   -1.368757338e-11 
    2.6300   292.7702   -2.811363879e-11   -1.354549780e-11 
    2.6400   293.8834   -2.811325487e-11   -1.348905144e-11 
    2.6500   294.9966   -2.781456297e-11   -1.345188704e-11 
    2.6600   296.1098   -2.752756018e-11   -1.332292437e-11 
    2.6700   297.2230   -2.753401240e-11   -1.321900146e-11 
    2.6800   298.3362   -2.739733067e-11   -1.319601406e-11 
    2.6900   299.4494   -2.704033470e-11   -1.311261742e-11 
    2.7000   300.5626   -2.693031918e-11   -1.297874904e-11 
    2.7100   301.6758   -2.692790435e-11   -1.292957894e-11 
    2.7200   302.7890   -2.663524845e-11   -1.289287827e-11 
    2.7300   303.9022   -2.637376517e-11   -1.276828416e-11 
    2.7400   305.0154   -2.638853957e-11   -1.267353499e-11 
    2.7500   306.1286   -2.624851627e-11   -1.265353559e-11 
    2.7600   307.2418   -2.591019723e-11   -1.257108865e-11 
    2.7700   308.3550   -2.581999038e-11   -1.244508421e-11 
    2.7800   309.4682   -2.581483267e-11   -1.240249902e-11 
    2.7900   310.5813   -2.552835929e-11   -1.236601906e-11 
    2.8000   311.6945   -2.529095309e-11   -1.224570388e-11 
    2.8100   312.8077   -2.531251070e-11   -1.215953943e-11 
    2.8200   313.9209   -2.516924643e-11   -1.214202642e-11 
    2.8300   315.0341   -2.484908720e-11   -1.206049184e-11 
    2.8400   316.1473   -2.477686452e-11   -1.194203027e-11 
    2.8500   317.2605   -2.476836858e-11   -1.190539093e-11 
    2.8600   318.3737   -2.448824250e-11   -1.186892791e-11 
    2.8700   319.4869   -2.427354946e-11   -1.175281549e-11 
    2.8800   320.6001   -2.430049631e-11   -1.167468348e-11 
    2.8900   321.7133   -2.415414476e-11   -1.165920579e-11 
    2.9000   322.8265   -2.385165373e-11   -1.157856650e-11 
    2.9100   323.9397   -2.379571507e-11   -1.146734472e-11 
    2.9200   325.0529   -2.378338993e-11   -1.143605982e-11 
    2.9300   326.1661   -2.350978871e-11   -1.139944575e-11 
    2.9400   327.2793   -2.331651505e-11   -1.128746997e-11 
    2.9500   328.3925   -2.334758874e-11   -1.121685085e-11 
    2.9600   329.5057   -2.319834798e-11   -1.120300260e-11 
    2.9700   330.6189   -2.291305272e-11   -1.112325876e-11 
    2.9800   331.7320   -2.287181144e-11   -1.101898904e-11 
    2.9900   332.8452   -2.285525969e-11   -1.099251047e-11 
    3.0000   333.9584   -2.258836812e-11   -1.095560804e-11 
    3.0100   335.0716   -2.241528213e-11   -1.084771110e-11 
    3.0200   336.1848   -2.244934030e-11   -1.078411388e-11 
    3.0300   337.2980   -2.229744683e-11   -1.077153120e-11 
    3.0400   338.4112   -2.202889025e-11   -1.069269714e-11 
    3.0500   339.5244   -2.200086316e-11   -1.059510527e-11 
    3.0600   340.6376   -2.197977220e-11   -1.057292453e-11 
    3.0700   341.7508   -2.171977836e-11   -1.053562416e-11 
    3.0800   342.8640   -2.156570432e-11   -1.043175514e-11 
    3.0900   343.9772   -2.160171528e-11   -1.037471605e-11 
    3.1000   345.0904   -2.144743721e-11   -1.036307254e-11 
    3.1100   346.2036   -2.119517305e-11   -1.028517452e-11 
    3.1200   347.3168   -2.117897230e-11   -1.019399877e-11 
    3.1300   348.4300   -2.115310549e-11   -1.017564306e-11 
    3.1400   349.5432   -2.090019698e-11   -1.013786108e-11 
    3.1500   350.6564   -2.076400925e-11   -1.003797318e-11 
    3.1600   351.7696   -2.080104210e-11   -9.987052145e-12 
    3.1700   352.8827   -2.064467400e-11   -9.976056112e-12 
    3.1800   353.9959   -2.040826328e-11   -9.899130964e-12 
    3.1900   355.1091   -2.040258929e-11   -9.814117984e-12 
    3.2000   356.2223   -2.037177905e-11   -9.799149001e-12 
    3.2100   357.3355   -2.012613965e-11   -9.760822288e-12 
    3.2200   358.4487   -2.000675884e-11   -9.664873460e-12 
    3.2300   359.5619   -2.004397640e-11   -9.619652106e-12 
    3.2400   360.6751   -1.988583408e-11   -9.609043874e-12 
    3.2500   361.7883   -1.966484309e-11   -9.533135695e-12 
    3.2600   362.9015   -1.966847745e-11   -9.454041653e-12 
    3.2700   364.0147   -1.963261774e-11   -9.442051256e-12 
    3.2800   365.1279   -1.939442438e-11   -9.403138859e-12 
    3.2900   366.2411   -1.929081266e-11   -9.311086917e-12 
    3.3000   367.3543   -1.932746433e-11   -9.271168455e-12 
    3.3100   368.4675   -1.916788090e-11   -9.260717184e-12 
    3.3200   369.5807   -1.896187853e-11   -9.185877897e-12 
    3.3300   370.6939   -1.897367951e-11   -9.112466039e-12 
    3.3400   371.8071   -1.893272077e-11   -9.103075264e-12 
    3.3500   372.9203   -1.870214172e-11   -9.063552420e-12 
    3.3600   374.0334   -1.861330013e-11   -8.975358396e-12 
    3.3700   375.1466   -1.864871540e-11   -8.940363745e-12 
    3.3800   376.2598   -1.848803671e-11   -8.929865927e-12 
    3.3900   377.3730   -1.829659207e-11   -8.856151901e-12 
    3.4000   378.4862   -1.831548940e-11   -8.788191896e-12 
    3.4100   379.5994   -1.826943253e-11   -8.781048379e-12 
    3.4200   380.7126   -1.804662439e-11   -8.740907656e-12 
    3.4300   381.8258   -1.797159003e-11   -8.656531256e-12 
    3.4400   382.9390   -1.800517330e-11   -8.626099241e-12 
    3.4500   384.0522   -1.784375488e-11   -8.615375815e-12 
    3.4600   385.1654   -1.766643720e-11   -8.542847971e-12 
    3.4700   386.2786   -1.769142781e-11   -8.480114831e-12 
    3.4800   387.3918   -1.764031950e-11   -8.474891748e-12 
    3.4900   388.5050   -1.742542615e-11   -8.434138751e-12 
    3.5000   389.6182   -1.736326972e-11   -8.353540061e-12 
    3.5100   390.7314   -1.739449505e-11   -8.327326028e-12 
    3.5200   391.8446   -1.723269861e-11   -8.316221397e-12 
    3.5300   392.9578   -1.706907471e-11   -8.244942669e-12 
    3.5400   394.0710   -1.709921890e-11   -8.187217344e-12 
    3.5500   395.1841   -1.704314642e-11   -8.183610783e-12 
    3.5600   396.2973   -1.683629712e-11   -8.142264820e-12 
    3.5700   397.4105   -1.678612106e-11   -8.065402042e-12 
    3.5800   398.5237   -1.681452692e-11   -8.043076443e-12 
    3.5900   399.6369   -1.665271752e-11   -8.031456352e-12 
    3.6000   400.7501   -1.650235200e-11   -7.961492394e-12 
    3.6100   401.8633   -1.653677070e-11   -7.908558675e-12 
    3.6200   402.9765   -1.647585851e-11   -7.906287833e-12 
    3.6300   404.0897   -1.627716692e-11   -7.864378857e-12 
    3.6400   405.2029   -1.623810432e-11   -7.791208807e-12 
    3.6500   406.3161   -1.626329050e-11   -7.772456985e-12 
    3.6600   407.4293   -1.610183350e-11   -7.760206822e-12 
    3.6700   408.5425   -1.596428763e-11   -7.691623537e-12 
    3.6800   409.6557   -1.600215842e-11   -7.643270402e-12 
    3.6900   410.7689   -1.593656354e-11   -7.642074903e-12 
    3.7000   411.8821   -1.574612649e-11   -7.599643258e-12 
    3.7100   412.9953   -1.571733904e-11   -7.530119817e-12 
    3.7200   414.1085   -1.573896187e-11   -7.514641079e-12 
    3.7300   415.2217   -1.557822120e-11   -7.501665017e-12 
    3.7400   416.3348   -1.545305272e-11   -7.434528161e-12 
    3.7500   417.4480   -1.549360822e-11   -7.390547702e-12 
    3.7600   418.5612   -1.542351748e-11   -7.390187207e-12 
    3.7700   419.6744   -1.524141450e-11   -7.347281471e-12 
    3.7800   420.7876   -1.522209198e-11   -7.281356459e-12 
    3.7900   421.9008   -1.523986097e-11   -7.268863014e-12 
    3.8000   423.0140   -1.508019628e-11   -7.255081796e-12 
    3.8100   424.1272   -1.496695880e-11   -7.189457099e-12 
    3.8200   425.2404   -1.500948366e-11   -7.149644321e-12 
    3.8300   426.3536   -1.493510982e-11   -7.149897340e-12 
    3.8400   427.4668   -1.476140167e-11   -7.106574038e-12 
    3.8500   428.5800   -1.475076106e-11   -7.044196267e-12 
    3.8600   429.6932   -1.476443564e-11   -7.034413432e-12 
    3.8700   430.8064   -1.460620061e-11   -7.019763728e-12 
    3.8800   431.9196   -1.450444415e-11   -6.955714933e-12 
    3.8900   433.0328   -1.454827295e-11   -6.919869068e-12 
    3.9000   434.1460   -1.446985117e-11   -6.920532007e-12 
    3.9100   435.2592   -1.430458022e-11   -6.876853767e-12 
    3.9200   436.3724   -1.430186491e-11   -6.817968849e-12 
    3.9300   437.4856   -1.431125136e-11   -6.810634037e-12 
    3.9400   438.5987   -1.415479148e-11   -6.795067384e-12 
    3.9500   439.7119   -1.406406228e-11   -6.732656371e-12 
    3.9600   440.8251   -1.410857785e-11   -6.700578706e-12 
    3.9700   441.9383   -1.402636340e-11   -6.701465199e-12 
    3.9800   443.0515   -1.386955261e-11   -6.657500559e-12 
    3.9900   444.1647   -1.387403216e-11   -6.602050255e-12 
    4.0000   445.2779   -1.387897993e-11   -6.596912938e-12 
    4.0100   446.3911   -1.372463153e-11   -6.580394032e-12 
    4.0200   447.5043   -1.364447281e-11   -6.519680315e-12 
    4.0300   448.6175   -1.368910409e-11   -6.491175187e-12 
    4.0400   449.7307   -1.360336947e-11   -6.492115093e-12 
    4.0500   450.8439   -1.345502264e-11   -6.447936741e-12 
    4.0600   451.9571   -1.346599246e-11   -6.395859200e-12 
    4.0700   453.0703   -1.346639257e-11   -6.392680690e-12 
    4.0800   454.1835   -1.331448044e-11   -6.375187400e-12 
    4.0900   455.2967   -1.324443192e-11   -6.316227358e-12 
    4.1000   456.4099   -1.328865220e-11   -6.291102202e-12 
    4.1100   457.5231   -1.319968413e-11   -6.291940480e-12 
    4.1200   458.6363   -1.305978567e-11   -6.247625694e-12 
    4.1300   459.7494   -1.307656595e-11   -6.198856235e-12 
    4.1400   460.8626   -1.307234742e-11   -6.197408045e-12 
    4.1500   461.9758   -1.292318453e-11   -6.178929975e-12 
    4.1600   463.0890   -1.286278362e-11   -6.121775986e-12 
    4.1700   464.2022   -1.290610910e-11   -6.099841387e-12 
    4.1800   465.3154   -1.281420635e-11   -6.100438030e-12 
    4.1900   466.4286   -1.268272132e-11   -6.056066263e-12 
    4.2000   467.5418   -1.270465796e-11   -6.010536152e-12 
    4.2100   468.6550   -1.269578531e-11   -6.010601763e-12 
    4.2200   469.7682   -1.254967041e-11   -5.991138020e-12 
    4.2300   470.8814   -1.249845247e-11   -5.935840230e-12 
    4.2400   471.9946   -1.254044088e-11   -5.916908638e-12 
    4.2500   473.1078   -1.244591241e-11   -5.917138067e-12 
    4.2600   474.2210   -1.232278636e-11   -5.872790896e-12 
    4.2700   475.3342   -1.234924985e-11   -5.830427887e-12 
    4.2800   476.4474   -1.233572143e-11   -5.831800954e-12 
    4.2900   477.5606   -1.219293898e-11   -5.811361958e-12 
    4.3000   478.6738   -1.215043798e-11   -5.757964413e-12 
    4.3100   479.7870   -1.219068695e-11   -5.741852314e-12 
    4.3200   480.9001   -1.209384926e-11   -5.741602242e-12 
    4.3300   482.0133   -1.197900909e-11   -5.697363497e-12 
    4.3400   483.1265   -1.200939495e-11   -5.658091095e-12 
    4.3500   484.2397   -1.199123974e-11   -5.660576007e-12 
    4.3600   485.3529   -1.185205837e-11   -5.639180785e-12 
    4.3700   486.4661   -1.181780745e-11   -5.587724245e-12 
    4.3800   487.5793   -1.185595340e-11   -5.574250618e-12 
    4.3900   488.6925   -1.175712824e-11   -5.573421319e-12 
    4.4000   489.8057   -1.165048181e-11   -5.529375234e-12 
    4.4100   490.9189   -1.168421073e-11   -5.493114091e-12 
    4.4200   492.0321   -1.166148684e-11   -5.496525795e-12 
    4.4300   493.1453   -1.152615892e-11   -5.474200852e-12 
    4.4400   494.2585   -1.149969154e-11   -5.424721468e-12 
    4.4500   495.3717   -1.153540758e-11   -5.413708525e-12 
    4.4600   496.4849   -1.143492032e-11   -5.412213265e-12 
    4.4700   497.5981   -1.133635787e-11   -5.368444274e-12 
    4.4800   498.7113   -1.137287530e-11   -5.335111385e-12 
    4.4900   499.8245   -1.134566715e-11   -5.339274392e-12 
    4.5000   500.9377   -1.121442736e-11   -5.316054884e-12 
    4.5100   502.0508   -1.119527785e-11   -5.268583818e-12 
    4.5200   503.1640   -1.122827359e-11   -5.259856803e-12 
    4.5300   504.2772   -1.112645141e-11   -5.257620168e-12 
    4.5400   505.3904   -1.103584480e-11   -5.214212594e-12 
    4.5500   506.5036   -1.107462108e-11   -5.183721948e-12 
    4.5600   507.6168   -1.104303775e-11   -5.188470779e-12 
    4.5700   508.7300   -1.091610345e-11   -5.164398146e-12 
    4.5800   509.8432   -1.090380742e-11   -5.118960916e-12 
    4.5900   510.9564   -1.093382663e-11   -5.112349328e-12 
    4.6000   512.0696   -1.083099674e-11   -5.109307007e-12 
    4.6100   513.1828   -1.074820131e-11   -5.066344521e-12 
    4.6200   514.2960   -1.078873185e-11   -5.038606268e-12 
    4.6300   515.4092   -1.075290508e-11   -5.043785695e-12 
    4.6400   516.5224   -1.063047513e-11   -5.018907385e-12 
    4.6500   517.6356   -1.062457127e-11   -4.975525027e-12 
    4.6600   518.7488   -1.065139150e-11   -4.970861101e-12 
    4.6700   519.8620   -1.054787947e-11   -4.966959740e-12 
    4.6800   520.9752   -1.047273346e-11   -4.924524347e-12 
    4.6900   522.0884   -1.051453838e-11   -4.899446185e-12 
    4.7000   523.2015   -1.047462064e-11   -4.904910375e-12 
    4.7100   524.3147   -1.035687511e-11   -4.879279290e-12 
    4.7200   525.4279   -1.035690504e-11   -4.837967670e-12 
    4.7300   526.5411   -1.038033596e-11   -4.835087535e-12 
    4.7400   527.6543   -1.027646442e-11   -4.830283880e-12 
    4.7500   528.7675   -1.020879103e-11   -4.788456199e-12 
    4.7600   529.8807   -1.025141559e-11   -4.765943019e-12 
    4.7700   530.9939   -1.020757775e-11   -4.771555410e-12 
    4.7800   532.1071   -1.009467766e-11   -4.745229406e-12 
    4.7900   533.2203   -1.010018740e-11   -4.705998974e-12 
    4.8000   534.3335   -1.012006957e-11   -4.704743136e-12 
    4.8100   535.4467   -1.001615613e-11   -4.699003421e-12 
    4.8200   536.5599   -9.955762668e-12   -4.657861568e-12 
    4.8300   537.6731   -9.998777073e-12   -4.637815963e-12 
    4.8400   538.7863   -9.951207509e-12   -4.643449133e-12 
    4.8500   539.8995   -9.843294696e-12   -4.616490609e-12 
    4.8600   541.0127   -9.853835265e-12   -4.579346471e-12 
    4.8700   542.1259   -9.870039238e-12   -4.579558600e-12 
    4.8800   543.2391   -9.766396287e-12   -4.572858716e-12 
    4.8900   544.3523   -9.713076572e-12   -4.532478437e-12 
    4.9000   545.4654   -9.756075613e-12   -4.514800157e-12 
    4.9100   546.5786   -9.704976905e-12   -4.520336410e-12 
    4.9200   547.6918   -9.602173577e-12   -4.492810656e-12 
    4.9300   548.8050   -9.617302222e-12   -4.457752338e-12 
    4.9400   549.9182   -9.629726786e-12   -4.459281340e-12 
    4.9500   551.0314   -9.526658945e-12   -4.451605077e-12 
    4.9600   552.1446   -9.480193041e-12   -4.412059384e-12 
    4.9700   553.2578   -9.522796882e-12   -4.396646109e-12 
    4.9800   554.3710   -9.468385812e-12   -4.401976696e-12 
    4.9900   555.4842   -9.370794982e-12   -4.373952443e-12 
    5.0000   556.5974   -9.390075607e-12   -4.340974688e-12 
    5.0100   557.7106   -9.398647034e-12   -4.343673019e-12 
    5.0200   558.8238   -9.296451143e-12   -4.335012994e-12 
    5.0300   559.9370   -9.256607047e-12   -4.296371694e-12 
    5.0400   561.0502   -9.298459875e-12   -4.283119761e-12 
    5.0500   562.1634   -9.240964364e-12   -4.288144256e-12 
    5.0600   563.2766   -9.148669492e-12   -4.259693045e-12 
    5.0700   564.3898   -9.171673955e-12   -4.228784872e-12 
    5.0800   565.5030   -9.176344478e-12   -4.232510127e-12 
    5.0900   566.6161   -9.075307379e-12   -4.222866540e-12 
    5.1000   567.7293   -9.041841266e-12   -4.185195593e-12 
    5.1100   568.8425   -9.082612956e-12   -4.173999487e-12 
    5.1200   569.9557   -9.022271319e-12   -4.178626573e-12 
    5.1300   571.0689   -8.935336534e-12   -4.149821453e-12 
    5.1400   572.1821   -8.961644815e-12   -4.120967411e-12 
    5.1500   573.2953   -8.962391966e-12   -4.125581518e-12 
    5.1600   574.4085   -8.862790773e-12   -4.114961676e-12 
    5.1700   575.5217   -8.835448281e-12   -4.078323567e-12 
    5.1800   576.6349   -8.874832002e-12   -4.069076500e-12 
    5.1900   577.7481   -8.811890913e-12   -4.073223212e-12 
    5.2000   578.8613   -8.730361204e-12   -4.044138950e-12 
    5.2100   579.9745   -8.759563173e-12   -4.017317966e-12 
    5.2200   581.0877   -8.756387629e-12   -4.022687890e-12 
    5.2300   582.2009   -8.658487305e-12   -4.011106182e-12 
    5.2400   583.3141   -8.637004578e-12   -3.975559200e-12 
    5.2500   584.4273   -8.674718924e-12   -3.968153314e-12 
    5.2600   585.5405   -8.609431964e-12   -3.971745061e-12 
    5.2700   586.6537   -8.533333425e-12   -3.942457533e-12 
    5.2800   587.7668   -8.565028601e-12   -3.917643560e-12 
    5.2900   588.8800   -8.557953876e-12   -3.923641471e-12 
    5.3000   589.9932   -8.462008086e-12   -3.911118279e-12 
    5.3100   591.1064   -8.446112470e-12   -3.876716730e-12 
    5.3200   592.2196   -8.481899358e-12   -3.871043852e-12 
    5.3300   593.3328   -8.414525739e-12   -3.874013666e-12 
    5.3400   594.4460   -8.343866145e-12   -3.844599457e-12 
    5.3500   595.5592   -8.377665385e-12   -3.821761909e-12 
    5.3600   596.6724   -8.366735817e-12   -3.828264705e-12 
    5.3700   597.7856   -8.272984651e-12   -3.814826476e-12 
    5.3800   598.8988   -8.262396402e-12   -3.781620399e-12 
    5.3900   600.0120   -8.296022076e-12   -3.777571430e-12 
    5.4000   601.1252   -8.226824906e-12   -3.779861030e-12 
    5.4100   602.2384   -8.161593387e-12   -3.750396578e-12 
    5.4200   603.3516   -8.197119028e-12   -3.729500559e-12 
    5.4300   604.4648   -8.182399480e-12   -3.736390298e-12 
    5.4400   605.5780   -8.091069903e-12   -3.722069064e-12 
    5.4500   606.6912   -8.085502204e-12   -3.690103959e-12 
    5.4600   607.8044   -8.116755799e-12   -3.687569856e-12 
    5.4700   608.9175   -8.046000993e-12   -3.689128359e-12 
    5.4800   610.0307   -7.986169749e-12   -3.659689685e-12 
    5.4900   611.1439   -8.023056338e-12   -3.640695600e-12 
    5.5000   612.2571   -8.004629773e-12   -3.647860128e-12 
    5.5100   613.3703   -7.915934232e-12   -3.632692800e-12 
    5.5200   614.4835   -7.915095026e-12   -3.602008996e-12 
    5.5300   615.5967   -7.943789571e-12   -3.600880891e-12 
    5.5400   616.7099   -7.871744033e-12   -3.601664938e-12 
    5.5500   617.8231   -7.817267042e-12   -3.572327955e-12 
    5.5600   618.9363   -7.855162360e-12   -3.555191427e-12 
    5.5700   620.0495   -7.833129736e-12   -3.562524075e-12 
    5.5800   621.1627   -7.747266348e-12   -3.546551912e-12 
    5.5900   622.2759   -7.750858987e-12   -3.517185894e-12 
    5.6000   623.3891   -7.776829786e-12   -3.517355111e-12 
    5.6100   624.5023   -7.703760842e-12   -3.517328614e-12 
    5.6200   625.6155   -7.654576328e-12   -3.488168012e-12 
    5.6300   626.7287   -7.693141345e-12   -3.472841129e-12 
    5.6400   627.8419   -7.667619276e-12   -3.480240580e-12 
    5.6500   628.9551   -7.584770605e-12   -3.463509574e-12 
    5.6600   630.0682   -7.592495541e-12   -3.435492431e-12 
    5.6700   631.1814   -7.615600629e-12   -3.436851529e-12 
    5.6800   632.2946   -7.541774176e-12   -3.435985022e-12 
    5.6900   633.4078   -7.497803613e-12   -3.407074189e-12 
    5.7000   634.5210   -7.536713749e-12   -3.393505442e-12 
    5.7100   635.6342   -7.507834532e-12   -3.400876103e-12 
    5.7200   636.7474   -7.428168046e-12   -3.383435189e-12 
    5.7300   637.8606   -7.439722543e-12   -3.356793464e-12 
    5.7400   638.9738   -7.459841572e-12   -3.359235491e-12 
    5.7500   640.0870   -7.385521213e-12   -3.357506897e-12 
    5.7600   641.2002   -7.346671145e-12   -3.328917174e-12 
    5.7700   642.3134   -7.385616374e-12   -3.317050999e-12 
    5.7800   643.4266   -7.353525382e-12   -3.324303271e-12 
    5.7900   644.5398   -7.277192669e-12   -3.306204881e-12 
    5.8000   645.6530   -7.292273416e-12   -3.280960236e-12 
    5.8100   646.7662   -7.309307293e-12   -3.284379530e-12 
    5.8200   647.8794   -7.234753159e-12   -3.281773201e-12 
    5.8300   648.9926   -7.200915176e-12   -3.253574341e-12 
    5.8400   650.1058   -7.239600418e-12   -3.243352101e-12 
    5.8500   651.2189   -7.204456126e-12   -3.250401288e-12 
    5.8600   652.3321   -7.131592582e-12   -3.231701445e-12 
    5.8700   653.4453   -7.149895246e-12   -3.207870503e-12 
    5.8800   654.5585   -7.163765995e-12   -3.212162999e-12 
    5.8900   655.6717   -7.089233832e-12   -3.208669732e-12 
    5.9000   656.7849   -7.060285735e-12   -3.180928862e-12 
    5.9100   657.8981   -7.098431606e-12   -3.172288539e-12 
    5.9200   659.0113   -7.060403406e-12   -3.179056637e-12 
    5.9300   660.1245   -6.991128727e-12   -3.159813287e-12 
    5.9400   661.2377   -7.012349942e-12   -3.137407551e-12 
    5.9500   662.3509   -7.022999521e-12   -3.142471381e-12 
    5.9600   663.4641   -6.948739261e-12   -3.138087463e-12 
    5.9700   664.5773   -6.924545151e-12   -3.110869396e-12 
    5.9800   665.6905   -6.961888386e-12   -3.103746373e-12 
    5.9900   666.8037   -6.921156021e-12   -3.110160873e-12 
    6.0000   667.9169   -6.855573121e-12   -3.090434102e-12 
    6.0100   669.0301   -6.879411079e-12   -3.069461063e-12 
    6.0200   670.1433   -6.886801188e-12   -3.075195713e-12 
    6.0300   671.2565   -6.813056493e-12   -3.069923616e-12 
    6.0400   672.3697   -6.793468575e-12   -3.043290439e-12 
    6.0500   673.4828   -6.829761493e-12   -3.037617580e-12 
    6.0600   674.5960   -6.786513558e-12   -3.043611925e-12 
    6.0700   675.7092   -6.724709426e-12   -3.023463309e-12 
    6.0800   676.8224   -6.750864974e-12   -3.003925124e-12 
    6.0900   677.9356   -6.754976114e-12   -3.010233106e-12 
    6.1000   679.0488   -6.681982863e-12   -3.004080380e-12 
    6.1100   680.1620   -6.666841739e-12   -2.978091102e-12 
    6.1200   681.2752   -6.701853903e-12   -2.973798828e-12 
    6.1300   682.3884   -6.656286536e-12   -2.979311761e-12 
    6.1400   683.5016   -6.598331791e-12   -2.958804855e-12 
    6.1500   684.6148   -6.626509061e-12   -2.940698908e-12 
    6.1600   685.7280   -6.627339842e-12   -2.947484376e-12 
    6.1700   686.8412   -6.555326292e-12   -2.940464475e-12 
    6.1800   687.9544   -6.544461612e-12   -2.915174800e-12 
    6.1900   689.0676   -6.577978727e-12   -2.912191158e-12 
    6.2000   690.1808   -6.530294775e-12   -2.917167916e-12 
    6.2100   691.2940   -6.476244266e-12   -2.896366788e-12 
    6.2200   692.4072   -6.506152120e-12   -2.879686108e-12 
    6.2300   693.5204   -6.503718589e-12   -2.886856866e-12 
    6.2400   694.6335   -6.432903403e-12   -2.878987247e-12 
    6.2500   695.7467   -6.426135124e-12   -2.854449517e-12 
    6.2600   696.8599   -6.457959717e-12   -2.852701674e-12 
    6.2700   697.9731   -6.408367336e-12   -2.857092721e-12 
    6.2800   699.0863   -6.358259736e-12   -2.836062083e-12 
    6.2900   700.1995   -6.389611769e-12   -2.820795368e-12 
    6.3000   701.3127   -6.383946805e-12   -2.828261612e-12 
    6.3100   702.4259   -6.314539509e-12   -2.819565182e-12 
    6.3200   703.5391   -6.311678591e-12   -2.795827886e-12 
    6.3300   704.6523   -6.341630265e-12   -2.795241063e-12 
    6.3400   705.7655   -6.290341889e-12   -2.799002540e-12 
    6.3500   706.8787   -6.244200285e-12   -2.777807730e-12 
    6.3600   707.9919   -6.276716342e-12   -2.763939047e-12 
    6.3700   709.1051   -6.267868597e-12   -2.771614013e-12 
    6.3800   710.2183   -6.200068279e-12   -2.762117425e-12 
    6.3900   711.3315   -6.200917613e-12   -2.739225936e-12 
    6.4000   712.4447   -6.228832883e-12   -2.739723837e-12 
    6.4100   713.5579   -6.176064116e-12   -2.742817968e-12 
    6.4200   714.6711   -6.133895798e-12   -2.721523978e-12 
    6.4300   715.7842   -6.167302905e-12   -2.709033240e-12 
    6.4400   716.8974   -6.155336127e-12   -2.716833729e-12 
    6.4500   718.0106   -6.089330898e-12   -2.706568072e-12 
    6.4600   719.1238   -6.093686196e-12   -2.684563530e-12 
    6.4700   720.2370   -6.119418591e-12   -2.686069543e-12 
    6.4800   721.3502   -6.065387083e-12   -2.688463436e-12 
    6.4900   722.4634   -6.027184875e-12   -2.667135023e-12 
    6.5000   723.5766   -6.061217161e-12   -2.655998173e-12 
    6.5100   724.6898   -6.046209271e-12   -2.663844550e-12 
    6.5200   725.8030   -5.982175653e-12   -2.652844071e-12 
    6.5300   726.9162   -5.989826624e-12   -2.631764163e-12 
    6.5400   728.0294   -6.013246518e-12   -2.634200280e-12 
    6.5500   729.1426   -5.958170817e-12   -2.635867173e-12 
    6.5600   730.2558   -5.923912334e-12   -2.614568496e-12 
    6.5700   731.3690   -5.958312746e-12   -2.604757453e-12 
    6.5800   732.4822   -5.940355179e-12   -2.612573553e-12 
    6.5900   733.5954   -5.878457981e-12   -2.600876475e-12 
    6.6000   734.7086   -5.889188781e-12   -2.580754037e-12 
    6.6100   735.8218   -5.910183219e-12   -2.584042732e-12 
    6.6200   736.9349   -5.854282107e-12   -2.584960756e-12 
    6.6300   738.0481   -5.823931122e-12   -2.563755023e-12 
    6.6400   739.1613   -5.858451293e-12   -2.555238075e-12 
    6.6500   740.2745   -5.837647527e-12   -2.562951727e-12 
    6.6600   741.3877   -5.778039213e-12   -2.550598870e-12 
    6.6700   742.5009   -5.791629907e-12   -2.531463274e-12 
    6.6800   743.6141   -5.810102648e-12   -2.535526607e-12 
    6.6900   744.7273   -5.753593785e-12   -2.535679129e-12 
    6.7000   745.8405   -5.727100166e-12   -2.514627990e-12 
    6.7100   746.9537   -5.761501265e-12   -2.507370140e-12 
    6.7200   748.0669   -5.737966667e-12   -2.514912600e-12 
    6.7300   749.1801   -5.680787284e-12   -2.501947938e-12 
    6.7400   750.2933   -5.697014359e-12   -2.483824330e-12 
    6.7500   751.4065   -5.712885381e-12   -2.488584499e-12 
    6.7600   752.5197   -5.655984570e-12   -2.487959779e-12 
    6.7700   753.6329   -5.633284857e-12   -2.467123868e-12 
    6.7800   754.7461   -5.667338453e-12   -2.461086402e-12 
    6.7900   755.8593   -5.641198982e-12   -2.468393486e-12 
    6.8000   756.9725   -5.586575404e-12   -2.454862950e-12 
    6.8100   758.0856   -5.605212601e-12   -2.437772634e-12 
    6.8200   759.1988   -5.618418115e-12   -2.443152353e-12 
    6.8300   760.3120   -5.561338360e-12   -2.441744062e-12 
    6.8400   761.4252   -5.542356742e-12   -2.421182025e-12 
    6.8500   762.5384   -5.575844997e-12   -2.416323231e-12 
    6.8600   763.6516   -5.547236326e-12   -2.423334813e-12 
    6.8700   764.7648   -5.495282362e-12   -2.409287019e-12 
    6.8800   765.8780   -5.516102157e-12   -2.393246773e-12 
    6.8900   766.9912   -5.526594264e-12   -2.399169329e-12 
    6.9000   768.1044   -5.469544975e-12   -2.396975221e-12 
    6.9100   769.2176   -5.454193075e-12   -2.376744244e-12 
    6.9200   770.3308   -5.486909523e-12   -2.373019586e-12 
    6.9300   771.4440   -5.455976133e-12   -2.379679405e-12 
    6.9400   772.5572   -5.406792272e-12   -2.365164459e-12 
    6.9500   773.6704   -5.429566102e-12   -2.350187030e-12 
    6.9600   774.7836   -5.437312188e-12   -2.356576891e-12 
    6.9700   775.8968   -5.380497835e-12   -2.353599580e-12 
    6.9800   777.0100   -5.368676152e-12   -2.333753904e-12 
    6.9900   778.1232   -5.400425460e-12   -2.331116398e-12 
    7.0000   779.2364   -5.367319546e-12   -2.337372647e-12 
    7.0100   780.3495   -5.320992997e-12   -2.322442562e-12 
    7.0200   781.4627   -5.345492808e-12   -2.308536505e-12 
    7.0300   782.5759   -5.350475502e-12   -2.315319232e-12 
    7.0400   783.6891   -5.294095662e-12   -2.311565931e-12 
    7.0500   784.8023   -5.285693962e-12   -2.292157972e-12 
    7.0600   785.9155   -5.316293540e-12   -2.290557833e-12 
    7.0700   787.0287   -5.281174383e-12   -2.296363189e-12 
    7.0800   788.1419   -5.237778729e-12   -2.281070840e-12 
    7.0900   789.2551   -5.263776951e-12   -2.268240957e-12 
    7.1000   790.3683   -5.265993292e-12   -2.275343495e-12 
    7.1100   791.4815   -5.210241344e-12   -2.270825358e-12 
    7.1200   792.5947   -5.205138880e-12   -2.251904610e-12 
    7.1300   793.7079   -5.234417796e-12   -2.251290267e-12 
    7.1400   794.8211   -5.197450611e-12   -2.256601245e-12 
    7.1500   795.9343   -5.157046245e-12   -2.241000737e-12 
    7.1600   797.0475   -5.184317661e-12   -2.229247615e-12 
    7.1700   798.1607   -5.183778879e-12   -2.236598515e-12 
    7.1800   799.2739   -5.128841610e-12   -2.231330573e-12 
    7.1900   800.3871   -5.126908835e-12   -2.212944315e-12 
    7.2000   801.5002   -5.154709023e-12   -2.213261727e-12 
    7.2100   802.6134   -5.116064073e-12   -2.218039736e-12 
    7.2200   803.7266   -5.078697819e-12   -2.202185748e-12 
    7.2300   804.8398   -5.107019428e-12   -2.191506159e-12 
    7.2400   805.9530   -5.103750522e-12   -2.199035890e-12 
    7.2500   807.0662   -5.049807010e-12   -2.193037172e-12 
    7.2600   808.1794   -5.050905282e-12   -2.175229630e-12 
    7.2700   809.2926   -5.077081341e-12   -2.176423000e-12 
    7.2800   810.4058   -5.036933129e-12   -2.180633904e-12 
    7.2900   811.5190   -5.002638922e-12   -2.164581641e-12 
    7.3000   812.6322   -5.031791427e-12   -2.154968293e-12 
    7.3100   813.7454   -5.025829978e-12   -2.162609485e-12 
    7.3200   814.8586   -4.973051483e-12   -2.155902690e-12 
    7.3300   815.9718   -4.977034330e-12   -2.138714504e-12 
    7.3400   817.0850   -5.001454333e-12   -2.140727562e-12 
    7.3500   818.1982   -4.959980565e-12   -2.144340586e-12 
    7.3600   819.3114   -4.928778789e-12   -2.128145379e-12 
    7.3700   820.4246   -4.958547052e-12   -2.119587538e-12 
    7.3800   821.5378   -4.949943772e-12   -2.127275113e-12 
    7.3900   822.6509   -4.898493189e-12   -2.119885745e-12 
    7.4000   823.7641   -4.905207188e-12   -2.103355209e-12 
    7.4100   824.8773   -4.927751752e-12   -2.106129456e-12 
    7.4200   825.9905   -4.885132520e-12   -2.109119416e-12 
    7.4300   827.1037   -4.857031041e-12   -2.092836033e-12 
    7.4400   828.2169   -4.887204368e-12   -2.085319256e-12 
    7.4500   829.3301   -4.876021145e-12   -2.092990369e-12 
    7.4600   830.4433   -4.826051942e-12   -2.084947585e-12 
    7.4700   831.5565   -4.835337367e-12   -2.069109272e-12 
    7.4800   832.6697   -4.855900785e-12   -2.072585544e-12 
    7.4900   833.7829   -4.812317459e-12   -2.074930795e-12 
    7.5000   834.8961   -4.787311379e-12   -2.058614229e-12 
    7.5100   836.0093   -4.817685131e-12   -2.052120555e-12 
    7.5200   837.1225   -4.803995688e-12   -2.059714904e-12 
    7.5300   838.2357   -4.755652150e-12   -2.051050444e-12 
    7.5400   839.3489   -4.767343161e-12   -2.035935893e-12 
    7.5500   840.4621   -4.785832631e-12   -2.040054392e-12 
    7.5600   841.5753   -4.741467860e-12   -2.041737487e-12 
    7.5700   842.6885   -4.719540186e-12   -2.025441985e-12 
    7.5800   843.8016   -4.749915652e-12   -2.019950009e-12 
    7.5900   844.9148   -4.733803611e-12   -2.027410543e-12 
    7.6000   846.0280   -4.687219868e-12   -2.018158610e-12 
    7.6100   847.1412   -4.701146494e-12   -2.003796045e-12 
    7.6200   848.2544   -4.717482542e-12   -2.008496315e-12 
    7.6300   849.3676   -4.672518145e-12   -2.009504512e-12 
    7.6400   850.4808   -4.653639544e-12   -1.993282872e-12 
    7.6500   851.5940   -4.683824988e-12   -1.988768430e-12 
    7.6600   852.7072   -4.665384446e-12   -1.996040439e-12 
    7.6700   853.8204   -4.620684503e-12   -1.986238068e-12 
    7.6800   854.9336   -4.636672111e-12   -1.972651975e-12 
    7.6900   856.0468   -4.650788529e-12   -1.977873407e-12 
    7.7000   857.1600   -4.605405627e-12   -1.978197410e-12 
    7.7100   858.2732   -4.589535757e-12   -1.962101906e-12 
    7.7200   859.3864   -4.619346570e-12   -1.958537356e-12 
    7.7300   860.4996   -4.598680256e-12   -1.965569432e-12 
    7.7400   861.6128   -4.555977840e-12   -1.955255351e-12 
    7.7500   862.7260   -4.573849530e-12   -1.942466688e-12 
    7.7600   863.8392   -4.585692880e-12   -1.948148748e-12 
    7.7700   864.9523   -4.540070366e-12   -1.947783537e-12 
    7.7800   866.0655   -4.527157128e-12   -1.931864929e-12 
    7.7900   867.1787   -4.556417103e-12   -1.929220035e-12 
    7.8000   868.2919   -4.533636571e-12   -1.935963624e-12 
    7.8100   869.4051   -4.493034092e-12   -1.925178756e-12 
    7.8200   870.5183   -4.512609588e-12   -1.913205475e-12 
    7.8300   871.6315   -4.522139411e-12   -1.919287746e-12 
    7.8400   872.7447   -4.476454362e-12   -1.918231994e-12 
    7.8500   873.8579   -4.466435703e-12   -1.902539714e-12 
    7.8600   874.9711   -4.494976408e-12   -1.900781642e-12 
    7.8700   876.0843   -4.470200431e-12   -1.907191523e-12 
    7.8800   877.1975   -4.431789766e-12   -1.895978456e-12 
    7.8900   878.3107   -4.452887651e-12   -1.884834533e-12 
    7.9000   879.4239   -4.460075865e-12   -1.891256903e-12 
    7.9100   880.5371   -4.414501359e-12   -1.889513628e-12 
    7.9200   881.6503   -4.407304604e-12   -1.874094912e-12 
    7.9300   882.7635   -4.434967097e-12   -1.873187965e-12 
    7.9400   883.8767   -4.408321786e-12   -1.879222494e-12 
    7.9500   884.9899   -4.372183599e-12   -1.867624773e-12 
    7.9600   886.1030   -4.394621517e-12   -1.857321184e-12 
    7.9700   887.2162   -4.399452783e-12   -1.864024326e-12 
    7.9800   888.3294   -4.354158608e-12   -1.861599268e-12 
    7.9900   889.4426   -4.349701357e-12   -1.846499940e-12 
    8.0000   890.5558   -4.376335296e-12   -1.846406560e-12 
    8.0100   891.6690   -4.347952785e-12   -1.852027306e-12 
    8.0200   892.7822   -4.314156542e-12   -1.840089999e-12 
    8.0300   893.8954   -4.337751982e-12   -1.830633687e-12 
    8.0400   895.0086   -4.340222823e-12   -1.837559341e-12 
    8.0500   896.1218   -4.295373493e-12   -1.834462397e-12 
    8.0600   897.2350   -4.293564602e-12   -1.819726067e-12 
    8.0700   898.3482   -4.319030080e-12   -1.820406266e-12 
    8.0800   899.4614   -4.289048099e-12   -1.825578077e-12 
    8.0900   900.5746   -4.257651543e-12   -1.813347287e-12 
    8.1000   901.6878   -4.282222266e-12   -1.804742038e-12 
    8.1100   902.8010   -4.282341141e-12   -1.811832923e-12 
    8.1200   903.9142   -4.238096469e-12   -1.808076630e-12 
    8.1300   905.0274   -4.238836003e-12   -1.793745036e-12 
    8.1400   906.1406   -4.263002164e-12   -1.795157009e-12 
    8.1500   907.2538   -4.231562870e-12   -1.799848333e-12 
    8.1600   908.3669   -4.202613127e-12   -1.787370692e-12 
    8.1700   909.4801   -4.227978721e-12   -1.779616850e-12 
    8.1800   910.5933   -4.225765196e-12   -1.786816770e-12 
    8.1900   911.7065   -4.182278868e-12   -1.782417699e-12 
    8.2000   912.8197   -4.185459303e-12   -1.768529283e-12 
    8.2100   913.9329   -4.208206169e-12   -1.770629776e-12 
    8.2200   915.0461   -4.175455688e-12   -1.774812668e-12 
    8.2300   916.1593   -4.148988024e-12   -1.762135015e-12 
    8.2400   917.2725   -4.174969834e-12   -1.755229697e-12 
    8.2500   918.3857   -4.170454786e-12   -1.762483897e-12 
    8.2600   919.4989   -4.127874235e-12   -1.757461084e-12 
    8.2700   920.6121   -4.133380521e-12   -1.744052759e-12 
    8.2800   921.7253   -4.154598052e-12   -1.746796689e-12 
    8.2900   922.8385   -4.120685624e-12   -1.750446389e-12 
    8.3000   923.9517   -4.096724803e-12   -1.737616226e-12 
    8.3100   925.0649   -4.123146933e-12   -1.731553040e-12 
    8.3200   926.1781   -4.116371145e-12   -1.738808847e-12 
    8.3300   927.2913   -4.074836766e-12   -1.733184315e-12 
    8.3400   928.4045   -4.082547512e-12   -1.720289886e-12 
    8.3500   929.5176   -4.102136612e-12   -1.723631098e-12 
    8.3600   930.6308   -4.067213923e-12   -1.726726559e-12 
    8.3700   931.7440   -4.045773266e-12   -1.713791214e-12 
    8.3800   932.8572   -4.072463261e-12   -1.708560951e-12 
    8.3900   933.9704   -4.063478421e-12   -1.715767001e-12 
    8.4000   935.0836   -4.023123519e-12   -1.709565406e-12 
    8.4100   936.1968   -4.032910937e-12   -1.697216228e-12 
    8.4200   937.3100   -4.050782897e-12   -1.701107502e-12 
    8.4300   938.4232   -4.015003370e-12   -1.703631552e-12 
    8.4400   939.5364   -3.996085697e-12   -1.690637681e-12 
    8.4500   940.6496   -4.022874795e-12   -1.686228224e-12 
    8.4600   941.7628   -4.011741520e-12   -1.693335235e-12 
    8.4700   942.8760   -3.972691561e-12   -1.686583543e-12 
    8.4800   943.9892   -3.984422898e-12   -1.674808230e-12 
    8.4900   945.1024   -4.000500215e-12   -1.679201490e-12 
    8.5000   946.2156   -3.964017897e-12   -1.681139694e-12 
    8.5100   947.3288   -3.947614852e-12   -1.668134305e-12 
    8.5200   948.4420   -3.974339373e-12   -1.664529809e-12 
    8.5300   949.5552   -3.961127755e-12   -1.671490980e-12 
    8.5400   950.6683   -3.923499984e-12   -1.664218459e-12 
    8.5500   951.7815   -3.937037369e-12   -1.653042632e-12 
    8.5600   952.8947   -3.951253017e-12   -1.657888978e-12 
    8.5700   954.0079   -3.914222677e-12   -1.659230849e-12 
    8.5800   955.1211   -3.900316300e-12   -1.646259647e-12 
    8.5900   956.2343   -3.926817101e-12   -1.643442304e-12 
    8.6000   957.3475   -3.911605322e-12   -1.650212593e-12 
    8.6100   958.4607   -3.875508407e-12   -1.642450754e-12 
    8.6200   959.5739   -3.890710433e-12   -1.631897053e-12 
    8.6300   960.6871   -3.903008502e-12   -1.637147497e-12 
    8.6400   961.8003   -3.865583868e-12   -1.637885802e-12 
    8.6500   962.9135   -3.854145707e-12   -1.624993897e-12 
    8.6600   964.0267   -3.880269840e-12   -1.622942765e-12 
    8.6700   965.1399   -3.863144321e-12   -1.629479764e-12 
    8.6800   966.2531   -3.828678457e-12   -1.621261755e-12 
    8.6900   967.3663   -3.845400148e-12   -1.611350399e-12 
    8.7000   968.4795   -3.855735445e-12   -1.616955497e-12 
    8.7100   969.5927   -3.818069528e-12   -1.617086119e-12 
    8.7200   970.7059   -3.809061560e-12   -1.604317643e-12 
    8.7300   971.8190   -3.834661827e-12   -1.603009303e-12 
    8.7400   972.9322   -3.815716147e-12   -1.609273030e-12 
    8.7500   974.0454   -3.782972318e-12   -1.600633993e-12 
    8.7600   975.1586   -3.801066306e-12   -1.591381452e-12 
    8.7700   976.2718   -3.809404253e-12   -1.597291805e-12 
    8.7800   977.3850   -3.771647829e-12   -1.596814277e-12 
    8.7900   978.4982   -3.765022676e-12   -1.584212068e-12 
    8.8000   979.6114   -3.789958822e-12   -1.583620662e-12 
    8.8100   980.7246   -3.769293491e-12   -1.589573800e-12 
    8.8200   981.8378   -3.738353487e-12   -1.580550095e-12 
    8.8300   982.9510   -3.757670165e-12   -1.571970266e-12 
    8.8400   984.0642   -3.763986796e-12   -1.578136719e-12 
    8.8500   985.1774   -3.726288467e-12   -1.577053474e-12 
    8.8600   986.2906   -3.721989941e-12   -1.564658844e-12 
    8.8700   987.4038   -3.746128526e-12   -1.564756329e-12 
    8.8800   988.5170   -3.723849831e-12   -1.570363994e-12 
    8.8900   989.6302   -3.694785939e-12   -1.560993227e-12 
    8.9000   990.7434   -3.715174492e-12   -1.553097114e-12 
    8.9100   991.8566   -3.719456405e-12   -1.559470648e-12 
    8.9200   992.9697   -3.681961667e-12   -1.557787145e-12 
    8.9300   994.0829   -3.679924886e-12   -1.545640013e-12 
    8.9400   995.1961   -3.703140256e-12   -1.546396451e-12 
    8.9500   996.3093   -3.679360225e-12   -1.551626653e-12 
    8.9600   997.4225   -3.652235275e-12   -1.541947774e-12 
    8.9700   998.5357   -3.673544425e-12   -1.534742950e-12 
    8.9800   999.6489   -3.675788526e-12   -1.541275504e-12 
    8.9900  1000.7621   -3.638639172e-12   -1.539000309e-12 
    9.0000  1001.8753   -3.638791232e-12   -1.527138845e-12 
    9.0100  1002.9885   -3.660965024e-12   -1.528522041e-12 
    9.0200  1004.1017   -3.635800642e-12   -1.533345816e-12 
    9.0300  1005.2149   -3.610667984e-12   -1.523398201e-12 
    9.0400  1006.3281   -3.632746224e-12   -1.516889827e-12 
    9.0500  1007.4413   -3.632958976e-12   -1.523533759e-12 
    9.0600  1008.5545   -3.596292582e-12   -1.520678125e-12 
    9.0700  1009.6677   -3.598552954e-12   -1.509138866e-12 
    9.0800  1010.7809   -3.619575397e-12   -1.511114830e-12 
    9.0900  1011.8941   -3.593147670e-12   -1.515505906e-12 
    9.1000  1013.0073   -3.570051018e-12   -1.505329586e-12 
    9.1100  1014.1204   -3.592747783e-12   -1.499519654e-12 
    9.1200  1015.2336   -3.590945692e-12   -1.506228417e-12 
    9.1300  1016.3468   -3.554895169e-12   -1.502806371e-12 
    9.1400  1017.4600   -3.559176369e-12   -1.491623642e-12 
    9.1500  1018.5732   -3.578945754e-12   -1.494157170e-12 
    9.1600  1019.6864   -3.551379239e-12   -1.498091900e-12 
    9.1700  1020.7996   -3.530352387e-12   -1.487727840e-12 
    9.1800  1021.9128   -3.553517990e-12   -1.482615107e-12 
    9.1900  1023.0260   -3.549726891e-12   -1.489343230e-12 
    9.2000  1024.1392   -3.514419918e-12   -1.485371381e-12 
    9.2100  1025.2524   -3.520627755e-12   -1.474577331e-12 
    9.2200  1026.3656   -3.539051128e-12   -1.477631754e-12 
    9.2300  1027.4788   -3.510473565e-12   -1.481089734e-12 
    9.2400  1028.5920   -3.491541106e-12   -1.470578719e-12 
    9.2500  1029.7052   -3.515028010e-12   -1.466159793e-12 
    9.2600  1030.8184   -3.509282700e-12   -1.472862846e-12 
    9.2700  1031.9316   -3.474841225e-12   -1.468360307e-12 
    9.2800  1033.0448   -3.482875628e-12   -1.457985314e-12 
    9.2900  1034.1580   -3.499868809e-12   -1.461522258e-12 
    9.3000  1035.2712   -3.470410045e-12   -1.464486309e-12 
    9.3100  1036.3843   -3.453586980e-12   -1.453869169e-12 
    9.3200  1037.4975   -3.477250049e-12   -1.450137374e-12 
    9.3300  1038.6107   -3.469594120e-12   -1.456772854e-12 
    9.3400  1039.7239   -3.436133917e-12   -1.451760835e-12 
    9.3500  1040.8371   -3.445889129e-12   -1.441832730e-12 
    9.3600  1041.9503   -3.461376950e-12   -1.445813116e-12 
    9.3700  1043.0635   -3.431168463e-12   -1.448268550e-12 
    9.3800  1044.1767   -3.416460319e-12   -1.437586128e-12 
    9.3900  1045.2899   -3.440157347e-12   -1.434532320e-12 
    9.4000  1046.4031   -3.430642430e-12   -1.441058887e-12 
    9.4100  1047.5163   -3.398273016e-12   -1.435560887e-12 
    9.4200  1048.6295   -3.409638777e-12   -1.426105002e-12 
    9.4300  1049.7427   -3.423555217e-12   -1.430489084e-12 
    9.4400  1050.8559   -3.392729509e-12   -1.432424106e-12 
    9.4500  1051.9691   -3.380132747e-12   -1.421716926e-12 
    9.4600  1053.0823   -3.403725190e-12   -1.419329340e-12 
    9.4700  1054.1955   -3.392410986e-12   -1.425707301e-12 
    9.4800  1055.3087   -3.361234763e-12   -1.419748703e-12 
    9.4900  1056.4219   -3.374095952e-12   -1.410788276e-12 
    9.5000  1057.5350   -3.386383793e-12   -1.415535470e-12 
    9.5100  1058.6482   -3.355073981e-12   -1.416941298e-12 
    9.5200  1059.7614   -3.344575983e-12   -1.406249512e-12 
    9.5300  1060.8746   -3.367929296e-12   -1.404513814e-12 
    9.5400  1061.9878   -3.354882800e-12   -1.410705453e-12 
    9.5500  1063.1010   -3.324995164e-12   -1.404313589e-12 
    9.5600  1064.2142   -3.339233338e-12   -1.395869341e-12 
    9.5700  1065.3274   -3.349844850e-12   -1.400938347e-12 
    9.5800  1066.4406   -3.318183388e-12   -1.401809095e-12 
    9.5900  1067.5538   -3.309762881e-12   -1.391172064e-12 
    9.6000  1068.6670   -3.332747152e-12   -1.390071575e-12 
    9.6100  1069.7802   -3.318042485e-12   -1.396041335e-12 
    9.6200  1070.8934   -3.289531383e-12   -1.389245049e-12 
    9.6300  1072.0066   -3.305024539e-12   -1.381334553e-12 
    9.6400  1073.1198   -3.313921208e-12   -1.386684414e-12 
    9.6500  1074.2330   -3.282040495e-12   -1.387017159e-12 
    9.6600  1075.3462   -3.275667592e-12   -1.376473031e-12 
    9.6700  1076.4594   -3.298157640e-12   -1.375988828e-12 
    9.6800  1077.5726   -3.281875020e-12   -1.381702828e-12 
    9.6900  1078.6857   -3.254820703e-12   -1.374532509e-12 
    9.7000  1079.7989   -3.271444753e-12   -1.367171532e-12 
    9.7100  1080.9121   -3.278597012e-12   -1.372760470e-12 
    9.7200  1082.0253   -3.246627433e-12   -1.372554791e-12 
    9.7300  1083.1385   -3.242264069e-12   -1.362141277e-12 
    9.7400  1084.2517   -3.264140451e-12   -1.362252389e-12 
    9.7500  1085.3649   -3.246366300e-12   -1.367678916e-12 
    9.7600  1086.4781   -3.220840900e-12   -1.360166223e-12 
    9.7700  1087.5913   -3.238469132e-12   -1.353367625e-12 
    9.7800  1088.7045   -3.243856527e-12   -1.359154294e-12 
    9.7900  1089.8177   -3.211926844e-12   -1.358412467e-12 
    9.8000  1090.9309   -3.209527064e-12   -1.348166051e-12 
    9.8100  1092.0441   -3.230676018e-12   -1.348849259e-12 
    9.8200  1093.1573   -3.211502034e-12   -1.353958979e-12 
    9.8300  1094.2705   -3.187570186e-12   -1.346136652e-12 
    9.8400  1095.3837   -3.206074931e-12   -1.339910730e-12 
    9.8500  1096.4969   -3.209685967e-12   -1.345853804e-12 
    9.8600  1097.6101   -3.177922139e-12   -1.344581261e-12 
    9.8700  1098.7233   -3.177432584e-12   -1.334536462e-12 
    9.8800  1099.8364   -3.197746803e-12   -1.335766801e-12 
    9.8900  1100.9496   -3.177269747e-12   -1.340532897e-12 
    9.9000  1102.0628   -3.154987223e-12   -1.332434593e-12 
    9.9100  1103.1760   -3.174239763e-12   -1.326789135e-12 
    9.9200  1104.2892   -3.176071799e-12   -1.332847745e-12 
    9.9300  1105.4024   -3.144597390e-12   -1.331051931e-12 
    9.9400  1106.5156   -3.145957317e-12   -1.321242645e-12 
    9.9500  1107.6288   -3.165335422e-12   -1.322993424e-12 
    9.9600  1108.7420   -3.143655972e-12   -1.327390949e-12 
    9.9700  1109.8552   -3.123070800e-12   -1.319051482e-12 
    9.9800  1110.9684   -3.142942263e-12   -1.313991397e-12 
    9.9900  1112.0816   -3.143001129e-12   -1.320125306e-12 
   10.0000  1113.1948   -3.111935732e-12   -1.317816125e-12 
