    0.0000     0.0000   -1.420429816e-06    0.000000000e+00 
    0.0100     1.1132   -1.410928610e-06   -4.096199590e-08 
    0.0200     2.2264   -1.372587396e-06   -8.250006262e-08 
    0.0300     3.3396   -1.301431723e-06   -1.243334949e-07 
    0.0400     4.4528   -1.190464913e-06   -1.656254081e-07 
    0.0500     5.5660   -1.020024415e-06   -2.067572402e-07 
    0.0600     6.6792   -6.913868488e-07   -2.127546507e-07 
    0.0700     7.7924   -5.215254333e-07   -1.764324099e-07 
    0.0800     8.9056   -4.164967250e-07   -1.494030503e-07 
    0.0900    10.0188   -3.425686414e-07   -1.279125604e-07 
    0.1000    11.1319   -2.883076992e-07   -1.105003274e-07 
    0.1100    12.2451   -2.468524323e-07   -9.635028074e-08 
    0.1200    13.3583   -2.139367405e-07   -8.463053853e-08 
    0.1300    14.4715   -1.875328797e-07   -7.472865656e-08 
    0.1400    15.5847   -1.662811631e-07   -6.637203730e-08 
    0.1500    16.6979   -1.487710430e-07   -5.932780574e-08 
    0.1600    17.8111   -1.341021273e-07   -5.330240705e-08 
    0.1700    18.9243   -1.218896072e-07   -4.811674508e-08 
    0.1800    20.0375   -1.116529697e-07   -4.369279684e-08 
    0.1900    21.1507   -1.028621351e-07   -3.990318812e-08 
    0.2000    22.2639   -9.530178507e-08   -3.661159868e-08 
    0.2100    23.3771   -8.885672224e-08   -3.376498990e-08 
    0.2200    24.4903   -8.325269929e-08   -3.132164642e-08 
    0.2300    25.6035   -7.829008914e-08   -2.919515763e-08 
    0.2400    26.7167   -7.395101533e-08   -2.732860770e-08 
    0.2500    27.8299   -7.014907445e-08   -2.571035854e-08 
    0.2600    28.9431   -6.671913131e-08   -2.430271318e-08 
    0.2700    30.0563   -6.362389566e-08   -2.305287264e-08 
    0.2800    31.1695   -6.087590816e-08   -2.194785704e-08 
    0.2900    32.2826   -5.838297987e-08   -2.098205139e-08 
    0.3000    33.3958   -5.607169947e-08   -2.012060706e-08 
    0.3100    34.5090   -5.397014684e-08   -1.934109693e-08 
    0.3200    35.6222   -5.206284120e-08   -1.864810151e-08 
    0.3300    36.7354   -5.027321611e-08   -1.802949726e-08 
    0.3400    37.8486   -4.859789708e-08   -1.746038588e-08 
    0.3500    38.9618   -4.706591495e-08   -1.693994286e-08 
    0.3600    40.0750   -4.563339893e-08   -1.647217927e-08 
    0.3700    41.1882   -4.426277380e-08   -1.604014128e-08 
    0.3800    42.3014   -4.298433706e-08   -1.563362549e-08 
    0.3900    43.4146   -4.179784464e-08   -1.526070099e-08 
    0.4000    44.5278   -4.065702942e-08   -1.491730624e-08 
    0.4100    45.6410   -3.956560239e-08   -1.458925269e-08 
    0.4200    46.7542   -3.855044975e-08   -1.427903155e-08 
    0.4300    47.8674   -3.758441525e-08   -1.399241085e-08 
    0.4400    48.9806   -3.664359448e-08   -1.371927809e-08 
    0.4500    50.0938   -3.575394703e-08   -1.345406540e-08 
    0.4600    51.2070   -3.491809710e-08   -1.320461684e-08 
    0.4700    52.3202   -3.410338774e-08   -1.296933553e-08 
    0.4800    53.4333   -3.331491896e-08   -1.273870365e-08 
    0.4900    54.5465   -3.257501082e-08   -1.251583280e-08 
    0.5000    55.6597   -3.186387640e-08   -1.230609060e-08 
    0.5100    56.7729   -3.116446931e-08   -1.210235092e-08 
    0.5200    57.8861   -3.049842950e-08   -1.190106992e-08 
    0.5300    58.9993   -2.986833550e-08   -1.170906883e-08 
    0.5400    60.1125   -2.924912754e-08   -1.152545467e-08 
    0.5500    61.2257   -2.864608732e-08   -1.134312445e-08 
    0.5600    62.3389   -2.807747557e-08   -1.116509699e-08 
    0.5700    63.4521   -2.752748896e-08   -1.099591133e-08 
    0.5800    64.5653   -2.698328502e-08   -1.082998289e-08 
    0.5900    65.6785   -2.646309552e-08   -1.066483718e-08 
    0.6000    66.7917   -2.596880938e-08   -1.050627567e-08 
    0.6100    67.9049   -2.548027000e-08   -1.035356012e-08 
    0.6200    69.0181   -2.500270744e-08   -1.020105504e-08 
    0.6300    70.1313   -2.455115009e-08   -1.005154554e-08 
    0.6400    71.2445   -2.411228781e-08   -9.908773510e-09 
    0.6500    72.3577   -2.367618407e-08   -9.768086632e-09 
    0.6600    73.4709   -2.325846067e-08   -9.627682778e-09 
    0.6700    74.5841   -2.286024622e-08   -9.492510958e-09 
    0.6800    75.6972   -2.246484845e-08   -9.361820942e-09 
    0.6900    76.8104   -2.207741510e-08   -9.230983659e-09 
    0.7000    77.9236   -2.171043021e-08   -9.102557165e-09 
    0.7100    79.0368   -2.135230654e-08   -8.979611227e-09 
    0.7200    80.1500   -2.099525943e-08   -8.858130811e-09 
    0.7300    81.2632   -2.065288310e-08   -8.736791173e-09 
    0.7400    82.3764   -2.032561703e-08   -8.619855379e-09 
    0.7500    83.4896   -1.999936392e-08   -8.506517142e-09 
    0.7600    84.6028   -1.967919244e-08   -8.392895038e-09 
    0.7700    85.7160   -1.937555866e-08   -8.281355315e-09 
    0.7800    86.8292   -1.907815053e-08   -8.174418365e-09 
    0.7900    87.9424   -1.878084531e-08   -8.068543360e-09 
    0.8000    89.0556   -1.849562261e-08   -7.962770006e-09 
    0.8100    90.1688   -1.822233041e-08   -7.860808772e-09 
    0.8200    91.2820   -1.794889592e-08   -7.761792536e-09 
    0.8300    92.3952   -1.768031208e-08   -7.662424600e-09 
    0.8400    93.5084   -1.742538979e-08   -7.564912704e-09 
    0.8500    94.6216   -1.717480962e-08   -7.471328559e-09 
    0.8600    95.7348   -1.692376929e-08   -7.378504893e-09 
    0.8700    96.8479   -1.668292990e-08   -7.285771285e-09 
    0.8800    97.9611   -1.645164107e-08   -7.196386629e-09 
    0.8900    99.0743   -1.621945839e-08   -7.109430147e-09 
    0.9000   100.1875   -1.599129807e-08   -7.022078293e-09 
    0.9100   101.3007   -1.577461316e-08   -6.936405981e-09 
    0.9200   102.4139   -1.556088793e-08   -6.854115091e-09 
    0.9300   103.5271   -1.534639130e-08   -6.772344384e-09 
    0.9400   104.6403   -1.514068293e-08   -6.690659488e-09 
    0.9500   105.7535   -1.494269562e-08   -6.611943689e-09 
    0.9600   106.8667   -1.474332674e-08   -6.535232538e-09 
    0.9700   107.9799   -1.454741161e-08   -6.458094666e-09 
    0.9800   109.0931   -1.436126523e-08   -6.382490840e-09 
    0.9900   110.2063   -1.417704365e-08   -6.309814458e-09 
    1.0000   111.3195   -1.399189883e-08   -6.237462234e-09 
    1.0100   112.4327   -1.381445214e-08   -6.165194816e-09 
    1.0200   113.5459   -1.364328919e-08   -6.095577529e-09 
    1.0300   114.6591   -1.347043481e-08   -6.027612138e-09 
    1.0400   115.7723   -1.330063774e-08   -5.959198269e-09 
    1.0500   116.8855   -1.313924641e-08   -5.892195947e-09 
    1.0600   117.9986   -1.297899337e-08   -5.827738237e-09 
    1.0700   119.1118   -1.281776783e-08   -5.763444098e-09 
    1.0800   120.2250   -1.266337838e-08   -5.699236793e-09 
    1.0900   121.3382   -1.251412244e-08   -5.637408176e-09 
    1.1000   122.4514   -1.236298792e-08   -5.576935172e-09 
    1.1100   123.5646   -1.221463048e-08   -5.516000782e-09 
    1.1200   124.6778   -1.207356846e-08   -5.456373968e-09 
    1.1300   125.7910   -1.193304002e-08   -5.398965801e-09 
    1.1400   126.9042   -1.179155618e-08   -5.341590113e-09 
    1.1500   128.0174   -1.165621133e-08   -5.284306600e-09 
    1.1600   129.1306   -1.152506489e-08   -5.229168595e-09 
    1.1700   130.2438   -1.139193873e-08   -5.175136066e-09 
    1.1800   131.3570   -1.126138895e-08   -5.120637473e-09 
    1.1900   132.4702   -1.113721419e-08   -5.067357815e-09 
    1.2000   133.5834   -1.101310414e-08   -5.016017167e-09 
    1.2100   134.6966   -1.088809852e-08   -4.964602731e-09 
    1.2200   135.8098   -1.076865647e-08   -4.913289094e-09 
    1.2300   136.9230   -1.065264227e-08   -4.863919060e-09 
    1.2400   138.0362   -1.053460827e-08   -4.815442521e-09 
    1.2500   139.1493   -1.041900483e-08   -4.766502625e-09 
    1.2600   140.2625   -1.030900158e-08   -4.718705717e-09 
    1.2700   141.3757   -1.019869759e-08   -4.672606337e-09 
    1.2800   142.4889   -1.008758483e-08   -4.626347805e-09 
    1.2900   143.6021   -9.981551619e-09   -4.580201653e-09 
    1.3000   144.7153   -9.878303817e-09   -4.535822948e-09 
    1.3100   145.8285   -9.773039950e-09   -4.492157512e-09 
    1.3200   146.9417   -9.670098780e-09   -4.448037810e-09 
    1.3300   148.0549   -9.572096596e-09   -4.404995610e-09 
    1.3400   149.1681   -9.473508231e-09   -4.363441108e-09 
    1.3500   150.2813   -9.374214273e-09   -4.321659668e-09 
    1.3600   151.3945   -9.279585561e-09   -4.280004616e-09 
    1.3700   152.5077   -9.187201330e-09   -4.239962163e-09 
    1.3800   153.6209   -9.092836347e-09   -4.200479315e-09 
    1.3900   154.7341   -9.000712482e-09   -4.160556637e-09 
    1.4000   155.8473   -8.912956521e-09   -4.121654505e-09 
    1.4100   156.9605   -8.824391766e-09   -4.084056688e-09 
    1.4200   158.0737   -8.735233770e-09   -4.046178900e-09 
    1.4300   159.1869   -8.650380719e-09   -4.008443350e-09 
    1.4400   160.3000   -8.567312832e-09   -3.972183263e-09 
    1.4500   161.4132   -8.482322337e-09   -3.936351453e-09 
    1.4600   162.5264   -8.399509418e-09   -3.900098604e-09 
    1.4700   163.6396   -8.320565915e-09   -3.864816269e-09 
    1.4800   164.7528   -8.240640997e-09   -3.830677084e-09 
    1.4900   165.8660   -8.160239390e-09   -3.796217270e-09 
    1.5000   166.9792   -8.083824846e-09   -3.761916795e-09 
    1.5100   168.0924   -8.008802714e-09   -3.728969434e-09 
    1.5200   169.2056   -7.931932579e-09   -3.696337877e-09 
    1.5300   170.3188   -7.857188660e-09   -3.663307504e-09 
    1.5400   171.4320   -7.785874969e-09   -3.631203169e-09 
    1.5500   172.5452   -7.713447516e-09   -3.600099601e-09 
    1.5600   173.6584   -7.640660682e-09   -3.568645100e-09 
    1.5700   174.7716   -7.571576780e-09   -3.537367760e-09 
    1.5800   175.8848   -7.503547514e-09   -3.507333577e-09 
    1.5900   176.9980   -7.433756612e-09   -3.477518727e-09 
    1.6000   178.1112   -7.366048558e-09   -3.447329919e-09 
    1.6100   179.2244   -7.301380642e-09   -3.418027118e-09 
    1.6200   180.3376   -7.235499401e-09   -3.389598675e-09 
    1.6300   181.4508   -7.169374480e-09   -3.360797690e-09 
    1.6400   182.5639   -7.106695585e-09   -3.332191935e-09 
    1.6500   183.6771   -7.044779520e-09   -3.304729843e-09 
    1.6600   184.7903   -6.981196451e-09   -3.277404266e-09 
    1.6700   185.9035   -6.919657838e-09   -3.249731537e-09 
    1.6800   187.0167   -6.860810425e-09   -3.222908306e-09 
    1.6900   188.1299   -6.800677075e-09   -3.196846709e-09 
    1.7000   189.2431   -6.740412486e-09   -3.170398240e-09 
    1.7100   190.3563   -6.683359226e-09   -3.144162926e-09 
    1.7200   191.4695   -6.626815826e-09   -3.118980654e-09 
    1.7300   192.5827   -6.568705656e-09   -3.093863777e-09 
    1.7400   193.6959   -6.512604342e-09   -3.068427912e-09 
    1.7500   194.8091   -6.458880186e-09   -3.043807813e-09 
    1.7600   195.9223   -6.403819815e-09   -3.019848407e-09 
    1.7700   197.0355   -6.348736265e-09   -2.995493909e-09 
    1.7800   198.1487   -6.296647718e-09   -2.971370021e-09 
    1.7900   199.2619   -6.244849229e-09   -2.948216132e-09 
    1.8000   200.3751   -6.191587795e-09   -2.925066602e-09 
    1.8100   201.4883   -6.140300844e-09   -2.901627117e-09 
    1.8200   202.6015   -6.091106952e-09   -2.878971844e-09 
    1.8300   203.7146   -6.040545228e-09   -2.856886556e-09 
    1.8400   204.8278   -5.990063245e-09   -2.834403085e-09 
    1.8500   205.9410   -5.942375310e-09   -2.812166953e-09 
    1.8600   207.0542   -5.894786202e-09   -2.790824298e-09 
    1.8700   208.1674   -5.845839992e-09   -2.769433706e-09 
    1.8800   209.2806   -5.798833984e-09   -2.747782659e-09 
    1.8900   210.3938   -5.753662875e-09   -2.726885966e-09 
    1.9000   211.5070   -5.707107987e-09   -2.706477491e-09 
    1.9100   212.6202   -5.660730116e-09   -2.685672046e-09 
    1.9200   213.7334   -5.616958369e-09   -2.665129741e-09 
    1.9300   214.8466   -5.573119052e-09   -2.645410036e-09 
    1.9400   215.9598   -5.528029288e-09   -2.625597715e-09 
    1.9500   217.0730   -5.484844737e-09   -2.605554559e-09 
    1.9600   218.1862   -5.443259641e-09   -2.586237200e-09 
    1.9700   219.2994   -5.400288065e-09   -2.567334151e-09 
    1.9800   220.4126   -5.357584824e-09   -2.548038956e-09 
    1.9900   221.5258   -5.317310965e-09   -2.529021606e-09 
    2.0000   222.6390   -5.276824888e-09   -2.510760915e-09 
    2.0100   223.7522   -5.235194870e-09   -2.492369586e-09 
    2.0200   224.8653   -5.195433807e-09   -2.473776893e-09 
    2.0300   225.9785   -5.157056818e-09   -2.455882445e-09 
    2.0400   227.0917   -5.117301878e-09   -2.438335364e-09 
    2.0500   228.2049   -5.077900468e-09   -2.420403990e-09 
    2.0600   229.3181   -5.040761425e-09   -2.402763971e-09 
    2.0700   230.4313   -5.003284705e-09   -2.385819023e-09 
    2.0800   231.5445   -4.964769650e-09   -2.368711283e-09 
    2.0900   232.6577   -4.928085647e-09   -2.351431269e-09 
    2.1000   233.7709   -4.892588223e-09   -2.334822724e-09 
    2.1100   234.8841   -4.855730923e-09   -2.318500810e-09 
    2.1200   235.9973   -4.819306138e-09   -2.301804991e-09 
    2.1300   237.1105   -4.784985260e-09   -2.285412750e-09 
    2.1400   238.2237   -4.750218273e-09   -2.269657861e-09 
    2.1500   239.3369   -4.714517038e-09   -2.253713198e-09 
    2.1600   240.4501   -4.680607062e-09   -2.237624790e-09 
    2.1700   241.5633   -4.647702242e-09   -2.222181651e-09 
    2.1800   242.6765   -4.613463753e-09   -2.206969971e-09 
    2.1900   243.7897   -4.579730558e-09   -2.191396880e-09 
    2.2000   244.9029   -4.547950452e-09   -2.176138247e-09 
    2.2100   246.0160   -4.515631016e-09   -2.161462710e-09 
    2.2200   247.1292   -4.482479427e-09   -2.146575015e-09 
    2.2300   248.2424   -4.451077282e-09   -2.131571380e-09 
    2.2400   249.3556   -4.420513430e-09   -2.117187256e-09 
    2.2500   250.4688   -4.388649046e-09   -2.102984451e-09 
    2.2600   251.5820   -4.357356572e-09   -2.088434480e-09 
    2.2700   252.6952   -4.327873261e-09   -2.074208476e-09 
    2.2800   253.8084   -4.297771040e-09   -2.060514452e-09 
    2.2900   254.9216   -4.266936367e-09   -2.046589977e-09 
    2.3000   256.0348   -4.237807239e-09   -2.032576531e-09 
    2.3100   257.1480   -4.209362806e-09   -2.019157177e-09 
    2.3200   258.2612   -4.179656867e-09   -2.005873562e-09 
    2.3300   259.3744   -4.150583381e-09   -1.992258463e-09 
    2.3400   260.4876   -4.123181430e-09   -1.978975453e-09 
    2.3500   261.6008   -4.095093290e-09   -1.966176166e-09 
    2.3600   262.7140   -4.066369685e-09   -1.953131787e-09 
    2.3700   263.8272   -4.039305652e-09   -1.940024464e-09 
    2.3800   264.9404   -4.012784896e-09   -1.927486081e-09 
    2.3900   266.0536   -3.985046655e-09   -1.915042016e-09 
    2.4000   267.1667   -3.957995456e-09   -1.902283319e-09 
    2.4100   268.2799   -3.932483986e-09   -1.889863447e-09 
    2.4200   269.3931   -3.906230178e-09   -1.877881673e-09 
    2.4300   270.5063   -3.879434918e-09   -1.865643446e-09 
    2.4400   271.6195   -3.854251228e-09   -1.853367286e-09 
    2.4500   272.7327   -3.829480638e-09   -1.841635122e-09 
    2.4600   273.8459   -3.803540792e-09   -1.829959678e-09 
    2.4700   274.9591   -3.778336755e-09   -1.817987389e-09 
    2.4800   276.0723   -3.754546083e-09   -1.806359288e-09 
    2.4900   277.1855   -3.729967022e-09   -1.795126102e-09 
    2.5000   278.2987   -3.704937329e-09   -1.783628045e-09 
    2.5100   279.4119   -3.681469262e-09   -1.772115976e-09 
    2.5200   280.5251   -3.658294548e-09   -1.761123141e-09 
    2.5300   281.6383   -3.634002329e-09   -1.750152942e-09 
    2.5400   282.7515   -3.610489020e-09   -1.738904412e-09 
    2.5500   283.8647   -3.588267840e-09   -1.728004082e-09 
    2.5600   284.9779   -3.565221415e-09   -1.717457759e-09 
    2.5700   286.0911   -3.541811812e-09   -1.706640790e-09 
    2.5800   287.2043   -3.519912061e-09   -1.695832599e-09 
    2.5900   288.3174   -3.498195635e-09   -1.685519035e-09 
    2.6000   289.4306   -3.475416361e-09   -1.675197280e-09 
    2.6100   290.5438   -3.453453599e-09   -1.664616255e-09 
    2.6200   291.6570   -3.432666613e-09   -1.654386124e-09 
    2.6300   292.7702   -3.411025907e-09   -1.644471237e-09 
    2.6400   293.8834   -3.389105967e-09   -1.634282316e-09 
    2.6500   294.9966   -3.368642405e-09   -1.624123794e-09 
    2.6600   296.1098   -3.348261244e-09   -1.614435452e-09 
    2.6700   297.2230   -3.326874252e-09   -1.604711118e-09 
    2.6800   298.3362   -3.306336048e-09   -1.594746964e-09 
    2.6900   299.4494   -3.286861953e-09   -1.585135119e-09 
    2.7000   300.5626   -3.266513322e-09   -1.575801785e-09 
    2.7100   301.6758   -3.245965776e-09   -1.566193182e-09 
    2.7200   302.7890   -3.226819586e-09   -1.556635396e-09 
    2.7300   303.9022   -3.207663419e-09   -1.547523501e-09 
    2.7400   305.0154   -3.187560314e-09   -1.538350624e-09 
    2.7500   306.1286   -3.168333129e-09   -1.528957625e-09 
    2.7600   307.2418   -3.150062911e-09   -1.519917101e-09 
    2.7700   308.3550   -3.130904343e-09   -1.511120288e-09 
    2.7800   309.4682   -3.111623464e-09   -1.502048898e-09 
    2.7900   310.5813   -3.093687527e-09   -1.493047525e-09 
    2.8000   311.6945   -3.075657291e-09   -1.484467927e-09 
    2.8100   312.8077   -3.056740437e-09   -1.475804984e-09 
    2.8200   313.9209   -3.038721680e-09   -1.466941736e-09 
    2.8300   315.0341   -3.021557140e-09   -1.458429941e-09 
    2.8400   316.1473   -3.003496843e-09   -1.450128904e-09 
    2.8500   317.2605   -2.985387051e-09   -1.441555734e-09 
    2.8600   318.3737   -2.968564565e-09   -1.433070549e-09 
    2.8700   319.4869   -2.951571069e-09   -1.424983216e-09 
    2.8800   320.6001   -2.933752306e-09   -1.416792641e-09 
    2.8900   321.7133   -2.916849049e-09   -1.408421588e-09 
    2.9000   322.8265   -2.900701556e-09   -1.400399821e-09 
    2.9100   323.9397   -2.883656752e-09   -1.392557635e-09 
    2.9200   325.0529   -2.866631425e-09   -1.384447333e-09 
    2.9300   326.1661   -2.850834718e-09   -1.376441740e-09 
    2.9400   327.2793   -2.834797492e-09   -1.368810288e-09 
    2.9500   328.3925   -2.817997006e-09   -1.361058004e-09 
    2.9600   329.5057   -2.802124864e-09   -1.353144974e-09 
    2.9700   330.6189   -2.786914237e-09   -1.345577964e-09 
    2.9800   331.7320   -2.770810099e-09   -1.338161070e-09 
    2.9900   332.8452   -2.754790529e-09   -1.330481482e-09 
    3.0000   333.9584   -2.739940020e-09   -1.322922088e-09 
    3.0100   335.0716   -2.724786320e-09   -1.315713363e-09 
    3.0200   336.1848   -2.708931703e-09   -1.308368387e-09 
    3.0300   337.2980   -2.694013892e-09   -1.300882210e-09 
    3.0400   338.4112   -2.679667490e-09   -1.293737753e-09 
    3.0500   339.5244   -2.664436265e-09   -1.286715607e-09 
    3.0600   340.6376   -2.649350799e-09   -1.279437451e-09 
    3.0700   341.7508   -2.635374141e-09   -1.272293743e-09 
    3.0800   342.8640   -2.621038115e-09   -1.265477505e-09 
    3.0900   343.9772   -2.606063535e-09   -1.258511639e-09 
    3.1000   345.0904   -2.592030045e-09   -1.251423853e-09 
    3.1100   346.2036   -2.578481938e-09   -1.244672502e-09 
    3.1200   347.3168   -2.564062143e-09   -1.238017262e-09 
    3.1300   348.4300   -2.549845382e-09   -1.231113825e-09 
    3.1400   349.5432   -2.536676661e-09   -1.224357852e-09 
    3.1500   350.6564   -2.523098565e-09   -1.217906453e-09 
    3.1600   351.7696   -2.508944028e-09   -1.211293964e-09 
    3.1700   352.8827   -2.495730886e-09   -1.204578492e-09 
    3.1800   353.9959   -2.482921137e-09   -1.198193242e-09 
    3.1900   355.1091   -2.469256881e-09   -1.191879466e-09 
    3.2000   356.2223   -2.455849024e-09   -1.185326298e-09 
    3.2100   357.3355   -2.443428100e-09   -1.178932394e-09 
    3.2200   358.4487   -2.430553668e-09   -1.172820503e-09 
    3.2300   359.5619   -2.417164393e-09   -1.166537872e-09 
    3.2400   360.6751   -2.404713038e-09   -1.160170785e-09 
    3.2500   361.7883   -2.392587072e-09   -1.154126842e-09 
    3.2600   362.9015   -2.379627440e-09   -1.148131260e-09 
    3.2700   364.0147   -2.366973674e-09   -1.141905973e-09 
    3.2800   365.1279   -2.355245573e-09   -1.135850547e-09 
    3.2900   366.2411   -2.343025423e-09   -1.130054947e-09 
    3.3000   367.3543   -2.330351284e-09   -1.124080658e-09 
    3.3100   368.4675   -2.318608013e-09   -1.118039975e-09 
    3.3200   369.5807   -2.307116087e-09   -1.112314548e-09 
    3.3300   370.6939   -2.294814638e-09   -1.106615851e-09 
    3.3400   371.8071   -2.282864644e-09   -1.100697902e-09 
    3.3500   372.9203   -2.271779056e-09   -1.094959230e-09 
    3.3600   374.0334   -2.260168198e-09   -1.089458592e-09 
    3.3700   375.1466   -2.248163237e-09   -1.083772920e-09 
    3.3800   376.2598   -2.237078713e-09   -1.078038391e-09 
    3.3900   377.3730   -2.226175405e-09   -1.072610477e-09 
    3.4000   378.4862   -2.214489681e-09   -1.067189109e-09 
    3.4100   379.5994   -2.203197160e-09   -1.061559605e-09 
    3.4200   380.7126   -2.192707972e-09   -1.056117626e-09 
    3.4300   381.8258   -2.181665358e-09   -1.050892329e-09 
    3.4400   382.9390   -2.170287370e-09   -1.045477158e-09 
    3.4500   384.0522   -2.159816213e-09   -1.040030096e-09 
    3.4600   385.1654   -2.149460029e-09   -1.034880320e-09 
    3.4700   386.2786   -2.138351176e-09   -1.029718317e-09 
    3.4800   387.3918   -2.127673474e-09   -1.024359859e-09 
    3.4900   388.5050   -2.117738376e-09   -1.019196039e-09 
    3.5000   389.6182   -2.107226508e-09   -1.014228021e-09 
    3.5100   390.7314   -2.096436643e-09   -1.009066707e-09 
    3.5200   391.8446   -2.086537025e-09   -1.003889853e-09 
    3.5300   392.9578   -2.076689980e-09   -9.990003205e-10 
    3.5400   394.0710   -2.066122345e-09   -9.940811696e-10 
    3.5500   395.1841   -2.056020058e-09   -9.889777223e-10 
    3.5600   396.2973   -2.046600160e-09   -9.840749077e-10 
    3.5700   397.4105   -2.036584721e-09   -9.793475135e-10 
    3.5800   398.5237   -2.026347156e-09   -9.744247332e-10 
    3.5900   399.6369   -2.016980481e-09   -9.695021093e-10 
    3.6000   400.7501   -2.007607796e-09   -9.648562673e-10 
    3.6100   401.8633   -1.997548648e-09   -9.601647643e-10 
    3.6200   402.9765   -1.987985359e-09   -9.553015063e-10 
    3.6300   404.0897   -1.979044905e-09   -9.506437958e-10 
    3.6400   405.2029   -1.969494483e-09   -9.461416592e-10 
    3.6500   406.3161   -1.959776137e-09   -9.414432907e-10 
    3.6600   407.4293   -1.950906741e-09   -9.367600878e-10 
    3.6700   408.5425   -1.941976524e-09   -9.323426131e-10 
    3.6800   409.6557   -1.932395736e-09   -9.278647496e-10 
    3.6900   410.7689   -1.923337696e-09   -9.232279768e-10 
    3.7000   411.8821   -1.914843752e-09   -9.188006100e-10 
    3.7100   412.9953   -1.905729529e-09   -9.145095330e-10 
    3.7200   414.1085   -1.896499790e-09   -9.100225417e-10 
    3.7300   415.2217   -1.888094683e-09   -9.055650075e-10 
    3.7400   416.3348   -1.879577680e-09   -9.013616865e-10 
    3.7500   417.4480   -1.870447505e-09   -8.970845298e-10 
    3.7600   418.5612   -1.861863418e-09   -8.926615375e-10 
    3.7700   419.6744   -1.853785647e-09   -8.884507889e-10 
    3.7800   420.7876   -1.845081177e-09   -8.843576340e-10 
    3.7900   421.9008   -1.836311671e-09   -8.800699688e-10 
    3.8000   423.0140   -1.828340294e-09   -8.758253138e-10 
    3.8100   424.1272   -1.820209632e-09   -8.718229569e-10 
    3.8200   425.2404   -1.811504445e-09   -8.677345695e-10 
    3.8300   426.3536   -1.803365221e-09   -8.635135735e-10 
    3.8400   427.4668   -1.795675630e-09   -8.595066758e-10 
    3.8500   428.5800   -1.787356596e-09   -8.555992979e-10 
    3.8600   429.6932   -1.779020970e-09   -8.514998230e-10 
    3.8700   430.8064   -1.771454980e-09   -8.474561478e-10 
    3.8800   431.9196   -1.763685958e-09   -8.436425131e-10 
    3.8900   433.0328   -1.755382070e-09   -8.397318700e-10 
    3.9000   434.1460   -1.747660641e-09   -8.357019282e-10 
    3.9100   435.2592   -1.740333389e-09   -8.318869859e-10 
    3.9200   436.3724   -1.732377414e-09   -8.281541311e-10 
    3.9300   437.4856   -1.724451156e-09   -8.242325302e-10 
    3.9400   438.5987   -1.717264243e-09   -8.203787347e-10 
    3.9500   439.7119   -1.709834140e-09   -8.167424287e-10 
    3.9600   440.8251   -1.701909610e-09   -8.129993198e-10 
    3.9700   441.9383   -1.694580756e-09   -8.091502413e-10 
    3.9800   443.0515   -1.687591975e-09   -8.055161495e-10 
    3.9900   444.1647   -1.679978444e-09   -8.019473789e-10 
    4.0000   445.2779   -1.672438723e-09   -7.981940754e-10 
    4.0100   446.3911   -1.665606450e-09   -7.945197859e-10 
    4.0200   447.5043   -1.658494362e-09   -7.910502003e-10 
    4.0300   448.6175   -1.650928853e-09   -7.874651696e-10 
    4.0400   449.7307   -1.643969053e-09   -7.837874578e-10 
    4.0500   450.8439   -1.637296690e-09   -7.803238491e-10 
    4.0600   451.9571   -1.630006597e-09   -7.769094821e-10 
    4.0700   453.0703   -1.622832108e-09   -7.733155939e-10 
    4.0800   454.1835   -1.616331744e-09   -7.698111269e-10 
    4.0900   455.2967   -1.609518406e-09   -7.664983959e-10 
    4.1000   456.4099   -1.602293011e-09   -7.630626944e-10 
    4.1100   457.5231   -1.595680281e-09   -7.595475007e-10 
    4.1200   458.6363   -1.589303928e-09   -7.562446931e-10 
    4.1300   459.7494   -1.582319708e-09   -7.529757507e-10 
    4.1400   460.8626   -1.575490531e-09   -7.495330211e-10 
    4.1500   461.9758   -1.569300919e-09   -7.461893052e-10 
    4.1600   463.0890   -1.562768582e-09   -7.430242282e-10 
    4.1700   464.2022   -1.555865707e-09   -7.397297320e-10 
    4.1800   465.3154   -1.549579487e-09   -7.363687774e-10 
    4.1900   466.4286   -1.543480265e-09   -7.332176990e-10 
    4.2000   467.5418   -1.536785685e-09   -7.300858349e-10 
    4.2100   468.6550   -1.530283170e-09   -7.267865749e-10 
    4.2200   469.7682   -1.524384603e-09   -7.235951058e-10 
    4.2300   470.8814   -1.518116894e-09   -7.205690956e-10 
    4.2400   471.9946   -1.511520141e-09   -7.174082660e-10 
    4.2500   473.1078   -1.505541183e-09   -7.141938052e-10 
    4.2600   474.2210   -1.499701617e-09   -7.111859589e-10 
    4.2700   475.3342   -1.493281653e-09   -7.081834144e-10 
    4.2800   476.4474   -1.487088327e-09   -7.050204643e-10 
    4.2900   477.5606   -1.481462451e-09   -7.019732593e-10 
    4.3000   478.6738   -1.475444270e-09   -6.990783045e-10 
    4.3100   479.7870   -1.469138331e-09   -6.960441387e-10 
    4.3200   480.9001   -1.463448596e-09   -6.929689196e-10 
    4.3300   482.0133   -1.457852509e-09   -6.900963461e-10 
    4.3400   483.1265   -1.451693235e-09   -6.872159095e-10 
    4.3500   484.2397   -1.445792683e-09   -6.841825869e-10 
    4.3600   485.3529   -1.440422375e-09   -6.812721506e-10 
    4.3700   486.4661   -1.434639775e-09   -6.785007718e-10 
    4.3800   487.5793   -1.428610328e-09   -6.755867569e-10 
    4.3900   488.6925   -1.423192892e-09   -6.726439692e-10 
    4.4000   489.8057   -1.417825295e-09   -6.698991974e-10 
    4.4100   490.9189   -1.411913789e-09   -6.671341584e-10 
    4.4200   492.0321   -1.406290581e-09   -6.642242222e-10 
    4.4300   493.1453   -1.401159871e-09   -6.614435013e-10 
    4.4400   494.2585   -1.395599972e-09   -6.587887079e-10 
    4.4500   495.3717   -1.389833604e-09   -6.559887887e-10 
    4.4600   496.4849   -1.384672574e-09   -6.531720427e-10 
    4.4700   497.5981   -1.379519583e-09   -6.505480607e-10 
    4.4800   498.7113   -1.373843833e-09   -6.478921750e-10 
    4.4900   499.8245   -1.368483436e-09   -6.450997930e-10 
    4.5000   500.9377   -1.363577413e-09   -6.424421501e-10 
    4.5100   502.0508   -1.358228308e-09   -6.398974106e-10 
    4.5200   503.1640   -1.352712426e-09   -6.372059459e-10 
    4.5300   504.2772   -1.347792859e-09   -6.345092240e-10 
    4.5400   505.3904   -1.342841600e-09   -6.319994403e-10 
    4.5500   506.5036   -1.337390425e-09   -6.294468901e-10 
    4.5600   507.6168   -1.332279133e-09   -6.267665941e-10 
    4.5700   508.7300   -1.327583876e-09   -6.242257653e-10 
    4.5800   509.8432   -1.322434547e-09   -6.217849660e-10 
    4.5900   510.9564   -1.317157317e-09   -6.191966958e-10 
    4.6000   512.0696   -1.312465165e-09   -6.166143282e-10 
    4.6100   513.1828   -1.307703718e-09   -6.142125420e-10 
    4.6200   514.2960   -1.302466708e-09   -6.117579043e-10 
    4.6300   515.4092   -1.297591592e-09   -6.091845672e-10 
    4.6400   516.5224   -1.293094108e-09   -6.067546438e-10 
    4.6500   517.6356   -1.288134373e-09   -6.044120630e-10 
    4.6600   518.7488   -1.283084653e-09   -6.019220779e-10 
    4.6700   519.8620   -1.278606696e-09   -5.994487158e-10 
    4.6800   520.9752   -1.274024007e-09   -5.971490953e-10 
    4.6900   522.0884   -1.268991442e-09   -5.947873145e-10 
    4.7000   523.2015   -1.264340277e-09   -5.923161242e-10 
    4.7100   524.3147   -1.260028428e-09   -5.899915266e-10 
    4.7200   525.4279   -1.255248853e-09   -5.877418146e-10 
    4.7300   526.5411   -1.250416140e-09   -5.853455354e-10 
    4.7400   527.6543   -1.246139931e-09   -5.829761326e-10 
    4.7500   528.7675   -1.241725761e-09   -5.807731927e-10 
    4.7600   529.8807   -1.236888559e-09   -5.784995622e-10 
    4.7700   530.9939   -1.232449777e-09   -5.761259986e-10 
    4.7800   532.1071   -1.228312220e-09   -5.739014566e-10 
    4.7900   533.2203   -1.223704061e-09   -5.717396068e-10 
    4.8000   534.3335   -1.219078421e-09   -5.694327566e-10 
    4.8100   535.4467   -1.214992222e-09   -5.671625427e-10 
    4.8200   536.5599   -1.210737071e-09   -5.650511150e-10 
    4.8300   537.6731   -1.206086727e-09   -5.628612412e-10 
    4.8400   538.7863   -1.201849372e-09   -5.605810472e-10 
    4.8500   539.8995   -1.197875521e-09   -5.584515690e-10 
    4.8600   541.0127   -1.193430678e-09   -5.563728871e-10 
    4.8700   542.1259   -1.189002723e-09   -5.541514598e-10 
    4.8800   543.2391   -1.185095482e-09   -5.519759081e-10 
    4.8900   544.3523   -1.180990552e-09   -5.499511172e-10 
    4.9000   545.4654   -1.176519089e-09   -5.478408918e-10 
    4.9100   546.5786   -1.172472765e-09   -5.456500454e-10 
    4.9200   547.6918   -1.168652719e-09   -5.436108975e-10 
    4.9300   548.8050   -1.164363668e-09   -5.416109839e-10 
    4.9400   549.9182   -1.160124488e-09   -5.394712234e-10 
    4.9500   551.0314   -1.156385773e-09   -5.373860447e-10 
    4.9600   552.1446   -1.152422911e-09   -5.354432955e-10 
    4.9700   553.2578   -1.148122842e-09   -5.334088847e-10 
    4.9800   554.3710   -1.144257696e-09   -5.313035972e-10 
    4.9900   555.4842   -1.140582223e-09   -5.293503042e-10 
    5.0000   556.5974   -1.136441990e-09   -5.274250434e-10 
    5.0100   557.7106   -1.132383141e-09   -5.253634395e-10 
    5.0200   558.8238   -1.128803122e-09   -5.233645703e-10 
    5.0300   559.9370   -1.124974773e-09   -5.214995378e-10 
    5.0400   561.0502   -1.120839048e-09   -5.195373682e-10 
    5.0500   562.1634   -1.117145707e-09   -5.175140595e-10 
    5.0600   563.2766   -1.113606176e-09   -5.156423757e-10 
    5.0700   564.3898   -1.109608270e-09   -5.137879124e-10 
    5.0800   565.5030   -1.105721716e-09   -5.118011671e-10 
    5.0900   566.6161   -1.102291113e-09   -5.098847417e-10 
    5.1000   567.7293   -1.098590282e-09   -5.080933426e-10 
    5.1100   568.8425   -1.094612263e-09   -5.062000700e-10 
    5.1200   569.9557   -1.091081830e-09   -5.042553477e-10 
    5.1300   571.0689   -1.087670194e-09   -5.024612422e-10 
    5.1400   572.1821   -1.083808585e-09   -5.006739600e-10 
    5.1500   573.2953   -1.080086679e-09   -4.987589735e-10 
    5.1600   574.4085   -1.076796744e-09   -4.969213144e-10 
    5.1700   575.5217   -1.073216944e-09   -4.951996938e-10 
    5.1800   576.6349   -1.069390351e-09   -4.933721909e-10 
    5.1900   577.7481   -1.066014347e-09   -4.915028375e-10 
    5.2000   578.8613   -1.062723086e-09   -4.897824787e-10 
    5.2100   579.9745   -1.058992148e-09   -4.880589862e-10 
    5.2200   581.0877   -1.055427592e-09   -4.862128419e-10 
    5.2300   582.2009   -1.052270059e-09   -4.844504441e-10 
    5.2400   583.3141   -1.048805285e-09   -4.827949635e-10 
    5.2500   584.4273   -1.045124183e-09   -4.810303035e-10 
    5.2600   585.5405   -1.041894546e-09   -4.792332634e-10 
    5.2700   586.6537   -1.038716650e-09   -4.775830160e-10 
    5.2800   587.7668   -1.035111146e-09   -4.759201355e-10 
    5.2900   588.8800   -1.031696982e-09   -4.741400868e-10 
    5.3000   589.9932   -1.028664066e-09   -4.724496120e-10 
    5.3100   591.1064   -1.025308760e-09   -4.708568400e-10 
    5.3200   592.2196   -1.021767522e-09   -4.691522835e-10 
    5.3300   593.3328   -1.018676573e-09   -4.674246531e-10 
    5.3400   594.4460   -1.015605512e-09   -4.658410593e-10 
    5.3500   595.5592   -1.012120556e-09   -4.642358136e-10 
    5.3600   596.6724   -1.008850128e-09   -4.625192722e-10 
    5.3700   597.7856   -1.005934482e-09   -4.608975365e-10 
    5.3800   598.8988   -1.002683502e-09   -4.593642354e-10 
    5.3900   600.0120   -9.992767862e-10   -4.577172228e-10 
    5.4000   601.1252   -9.963172111e-10   -4.560562413e-10 
    5.4100   602.2384   -9.933468983e-10   -4.545360189e-10 
    5.4200   603.3516   -9.899779201e-10   -4.529856231e-10 
    5.4300   604.4648   -9.868448613e-10   -4.513301488e-10 
    5.4400   605.5780   -9.840395567e-10   -4.497741128e-10 
    5.4500   606.6912   -9.808881397e-10   -4.482972288e-10 
    5.4600   607.8044   -9.776108595e-10   -4.467053600e-10 
    5.4700   608.9175   -9.747756829e-10   -4.451083906e-10 
    5.4800   610.0307   -9.719004497e-10   -4.436484095e-10 
    5.4900   611.1439   -9.686431684e-10   -4.421502452e-10 
    5.5000   612.2571   -9.656413689e-10   -4.405535240e-10 
    5.5100   613.3703   -9.629398689e-10   -4.390602749e-10 
    5.5200   614.4835   -9.598836039e-10   -4.376369180e-10 
    5.5300   615.5967   -9.567309061e-10   -4.360979357e-10 
    5.5400   616.7099   -9.540134741e-10   -4.345624594e-10 
    5.5500   617.8231   -9.512280437e-10   -4.331597420e-10 
    5.5600   618.9363   -9.480784476e-10   -4.317113546e-10 
    5.5700   620.0495   -9.452020552e-10   -4.301711970e-10 
    5.5800   621.1627   -9.425982070e-10   -4.287379549e-10 
    5.5900   622.2759   -9.396330148e-10   -4.273654032e-10 
    5.6000   623.3891   -9.366002655e-10   -4.258771977e-10 
    5.6100   624.5023   -9.339942395e-10   -4.244008119e-10 
    5.6200   625.6155   -9.312937120e-10   -4.230525344e-10 
    5.6300   626.7287   -9.282480342e-10   -4.216516319e-10 
    5.6400   627.8419   -9.254914255e-10   -4.201659683e-10 
    5.6500   628.9551   -9.229794309e-10   -4.187900753e-10 
    5.6600   630.0682   -9.201015378e-10   -4.174657675e-10 
    5.6700   631.1814   -9.171843029e-10   -4.160263600e-10 
    5.6800   632.2946   -9.146836358e-10   -4.146067652e-10 
    5.6900   633.4078   -9.120634587e-10   -4.133102350e-10 
    5.7000   634.5210   -9.091181565e-10   -4.119546653e-10 
    5.7100   635.6342   -9.064759322e-10   -4.105215233e-10 
    5.7200   636.7474   -9.040503348e-10   -4.092004250e-10 
    5.7300   637.8606   -9.012562457e-10   -4.079219340e-10 
    5.7400   638.9738   -8.984502697e-10   -4.065294581e-10 
    5.7500   640.0870   -8.960491956e-10   -4.051644430e-10 
    5.7600   641.2002   -8.935051443e-10   -4.039170893e-10 
    5.7700   642.3134   -8.906568726e-10   -4.026048302e-10 
    5.7800   643.4266   -8.881238351e-10   -4.012223344e-10 
    5.7900   644.5398   -8.857795023e-10   -3.999535862e-10 
    5.8000   645.6530   -8.830659841e-10   -3.987186251e-10 
    5.8100   646.7662   -8.803671797e-10   -3.973713274e-10 
    5.8200   647.8794   -8.780601965e-10   -3.960587759e-10 
    5.8300   648.9926   -8.755883520e-10   -3.948581590e-10 
    5.8400   650.1058   -8.728339513e-10   -3.935873217e-10 
    5.8500   651.2189   -8.704050991e-10   -3.922536891e-10 
    5.8600   652.3321   -8.681372055e-10   -3.910349473e-10 
    5.8700   653.4453   -8.655012640e-10   -3.898413633e-10 
    5.8800   654.5585   -8.629056984e-10   -3.885375960e-10 
    5.8900   655.6717   -8.606875670e-10   -3.872754717e-10 
    5.9000   656.7849   -8.582843072e-10   -3.861192683e-10 
    5.9100   657.8981   -8.556207878e-10   -3.848880822e-10 
    5.9200   659.0113   -8.532913069e-10   -3.836016064e-10 
    5.9300   660.1245   -8.510953247e-10   -3.824306203e-10 
    5.9400   661.2377   -8.485341881e-10   -3.812763813e-10 
    5.9500   662.3509   -8.460380667e-10   -3.800145877e-10 
    5.9600   663.4641   -8.439037867e-10   -3.788009352e-10 
    5.9700   664.5773   -8.415657546e-10   -3.776869356e-10 
    5.9800   665.6905   -8.389902728e-10   -3.764937410e-10 
    5.9900   666.8037   -8.367555205e-10   -3.752527974e-10 
    6.0000   667.9169   -8.346271967e-10   -3.741274139e-10 
    6.0100   669.0301   -8.321382928e-10   -3.730106128e-10 
    6.0200   670.1433   -8.297379517e-10   -3.717893337e-10 
    6.0300   671.2565   -8.276827634e-10   -3.706222735e-10 
    6.0400   672.3697   -8.254068607e-10   -3.695483793e-10 
    6.0500   673.4828   -8.229167104e-10   -3.683916259e-10 
    6.0600   674.5960   -8.207722132e-10   -3.671946595e-10 
    6.0700   675.7092   -8.187075670e-10   -3.661128081e-10 
    6.0800   676.8224   -8.162885137e-10   -3.650316439e-10 
    6.0900   677.9356   -8.139804100e-10   -3.638494940e-10 
    6.1000   679.0488   -8.119997795e-10   -3.627272083e-10 
    6.1100   680.1620   -8.097831483e-10   -3.616914116e-10 
    6.1200   681.2752   -8.073757494e-10   -3.605696363e-10 
    6.1300   682.3884   -8.053171954e-10   -3.594151498e-10 
    6.1400   683.5016   -8.033124993e-10   -3.583748347e-10 
    6.1500   684.6148   -8.009610845e-10   -3.573276055e-10 
    6.1600   685.7280   -7.987417891e-10   -3.561832712e-10 
    6.1700   686.8412   -7.968314036e-10   -3.551040040e-10 
    6.1800   687.9544   -7.946714122e-10   -3.541044011e-10 
    6.1900   689.0676   -7.923442962e-10   -3.530162389e-10 
    6.2000   690.1808   -7.903675282e-10   -3.519027957e-10 
    6.2100   691.2940   -7.884192996e-10   -3.509021103e-10 
    6.2200   692.4072   -7.861334670e-10   -3.498872268e-10 
    6.2300   693.5204   -7.839996491e-10   -3.487794707e-10 
    6.2400   694.6335   -7.821554010e-10   -3.477415362e-10 
    6.2500   695.7467   -7.800496218e-10   -3.467763232e-10 
    6.2600   696.8599   -7.778004139e-10   -3.457205000e-10 
    6.2700   697.9731   -7.759014151e-10   -3.446467262e-10 
    6.2800   699.0863   -7.740063971e-10   -3.436838392e-10 
    6.2900   700.1995   -7.717842297e-10   -3.426998036e-10 
    6.3000   701.3127   -7.697326571e-10   -3.416274541e-10 
    6.3100   702.4259   -7.679506456e-10   -3.406292210e-10 
    6.3200   703.5391   -7.658968525e-10   -3.396966773e-10 
    6.3300   704.6523   -7.637232739e-10   -3.386719917e-10 
    6.3400   705.7655   -7.618981780e-10   -3.376365563e-10 
    6.3500   706.8787   -7.600533432e-10   -3.367097016e-10 
    6.3600   707.9919   -7.578930584e-10   -3.357551015e-10 
    6.3700   709.1051   -7.559205877e-10   -3.347170375e-10 
    6.3800   710.2183   -7.541971070e-10   -3.337569240e-10 
    6.3900   711.3315   -7.521932556e-10   -3.328554147e-10 
    6.4000   712.4447   -7.500931053e-10   -3.318607424e-10 
    6.4100   713.5579   -7.483381797e-10   -3.308623629e-10 
    6.4200   714.6711   -7.465407083e-10   -3.299698517e-10 
    6.4300   715.7842   -7.444406379e-10   -3.290433679e-10 
    6.4400   716.8974   -7.425442122e-10   -3.280385300e-10 
    6.4500   718.0106   -7.408757489e-10   -3.271150107e-10 
    6.4600   719.1238   -7.389199672e-10   -3.262429901e-10 
    6.4700   720.2370   -7.368911168e-10   -3.252772771e-10 
    6.4800   721.3502   -7.352027655e-10   -3.243147170e-10 
    6.4900   722.4634   -7.334500390e-10   -3.234549247e-10 
    6.5000   723.5766   -7.314086205e-10   -3.225553154e-10 
    6.5100   724.6898   -7.295852591e-10   -3.215826904e-10 
    6.5200   725.8030   -7.279684799e-10   -3.206942869e-10 
    6.5300   726.9162   -7.260590527e-10   -3.198502840e-10 
    6.5400   728.0294   -7.240994365e-10   -3.189125438e-10 
    6.5500   729.1426   -7.224741896e-10   -3.179846047e-10 
    6.5600   730.2558   -7.207637799e-10   -3.171559721e-10 
    6.5700   731.3690   -7.187795456e-10   -3.162820744e-10 
    6.5800   732.4822   -7.170263466e-10   -3.153406974e-10 
    6.5900   733.5954   -7.154580998e-10   -3.144859793e-10 
    6.6000   734.7086   -7.135934608e-10   -3.136686050e-10 
    6.6100   735.8218   -7.117010713e-10   -3.127579098e-10 
    6.6200   736.9349   -7.101355882e-10   -3.118634316e-10 
    6.6300   738.0481   -7.084652499e-10   -3.110644640e-10 
    6.6400   739.1613   -7.065368161e-10   -3.102151890e-10 
    6.6500   740.2745   -7.048509476e-10   -3.093041342e-10 
    6.6600   741.3877   -7.033282516e-10   -3.084817171e-10 
    6.6700   742.5009   -7.015069703e-10   -3.076896497e-10 
    6.6800   743.6141   -6.996798501e-10   -3.068051251e-10 
    6.6900   744.7273   -6.981709126e-10   -3.059429788e-10 
    6.7000   745.8405   -6.965385745e-10   -3.051722378e-10 
    6.7100   746.9537   -6.946646362e-10   -3.043465594e-10 
    6.7200   748.0669   -6.930433364e-10   -3.034649369e-10 
    6.7300   749.1801   -6.915633770e-10   -3.026734731e-10 
    6.7400   750.2933   -6.897841504e-10   -3.019054608e-10 
    6.7500   751.4065   -6.880203878e-10   -3.010462831e-10 
    6.7600   752.5197   -6.865648980e-10   -3.002153726e-10 
    6.7700   753.6329   -6.849686511e-10   -2.994714804e-10 
    6.7800   754.7461   -6.831479650e-10   -2.986684455e-10 
    6.7900   755.8593   -6.815885351e-10   -2.978154061e-10 
    6.8000   756.9725   -6.801486591e-10   -2.970535974e-10 
    6.8100   758.0856   -6.784102996e-10   -2.963084647e-10 
    6.8200   759.1988   -6.767080229e-10   -2.954738696e-10 
    6.8300   760.3120   -6.753030032e-10   -2.946731378e-10 
    6.8400   761.4252   -6.737410983e-10   -2.939547821e-10 
    6.8500   762.5384   -6.719724873e-10   -2.931735005e-10 
    6.8600   763.6516   -6.704722995e-10   -2.923482296e-10 
    6.8700   764.7648   -6.690700170e-10   -2.916148184e-10 
    6.8800   765.8780   -6.673714503e-10   -2.908914516e-10 
    6.8900   766.9912   -6.657288282e-10   -2.900807102e-10 
    6.9000   768.1044   -6.643714181e-10   -2.893091193e-10 
    6.9100   769.2176   -6.628422534e-10   -2.886150342e-10 
    6.9200   770.3308   -6.611245858e-10   -2.878546672e-10 
    6.9300   771.4440   -6.596810672e-10   -2.870563681e-10 
    6.9400   772.5572   -6.583140276e-10   -2.863501271e-10 
    6.9500   773.6704   -6.566542610e-10   -2.856474708e-10 
    6.9600   774.7836   -6.550694781e-10   -2.848598955e-10 
    6.9700   775.8968   -6.537569202e-10   -2.841164328e-10 
    6.9800   777.0100   -6.522590239e-10   -2.834454063e-10 
    6.9900   778.1232   -6.505912075e-10   -2.827051746e-10 
    7.0000   779.2364   -6.492018459e-10   -2.819330863e-10 
    7.0100   780.3495   -6.478678542e-10   -2.812528346e-10 
    7.0200   781.4627   -6.462460004e-10   -2.805699014e-10 
    7.0300   782.5759   -6.447172895e-10   -2.798048494e-10 
    7.0400   783.6891   -6.434469555e-10   -2.790885377e-10 
    7.0500   784.8023   -6.419790053e-10   -2.784394188e-10 
    7.0600   785.9155   -6.403599992e-10   -2.777185990e-10 
    7.0700   787.0287   -6.390223487e-10   -2.769719837e-10 
    7.0800   788.1419   -6.377193479e-10   -2.763165768e-10 
    7.0900   789.2551   -6.361345876e-10   -2.756524339e-10 
    7.1000   790.3683   -6.346601895e-10   -2.749092904e-10 
    7.1100   791.4815   -6.334295449e-10   -2.742191666e-10 
    7.1200   792.5947   -6.319903241e-10   -2.735908465e-10 
    7.1300   793.7079   -6.304191041e-10   -2.728887545e-10 
    7.1400   794.8211   -6.291307716e-10   -2.721668907e-10 
    7.1500   795.9343   -6.278568455e-10   -2.715352123e-10 
    7.1600   797.0475   -6.263084413e-10   -2.708889780e-10 
    7.1700   798.1607   -6.248866327e-10   -2.701671597e-10 
    7.1800   799.2739   -6.236932658e-10   -2.695022846e-10 
    7.1900   800.3871   -6.222816920e-10   -2.688937068e-10 
    7.2000   801.5002   -6.207572732e-10   -2.682097105e-10 
    7.2100   802.6134   -6.195159281e-10   -2.675119023e-10 
    7.2200   803.7266   -6.182692896e-10   -2.669028777e-10 
    7.2300   804.8398   -6.167565617e-10   -2.662737309e-10 
    7.2400   805.9530   -6.153856302e-10   -2.655726902e-10 
    7.2500   807.0662   -6.142272262e-10   -2.649321507e-10 
    7.2600   808.1794   -6.128423146e-10   -2.643423117e-10 
    7.2700   809.2926   -6.113637228e-10   -2.636758253e-10 
    7.2800   810.4058   -6.101670868e-10   -2.630013942e-10 
    7.2900   811.5190   -6.089460764e-10   -2.624139858e-10 
    7.3000   812.6322   -6.074684053e-10   -2.618011554e-10 
    7.3100   813.7454   -6.061466622e-10   -2.611203664e-10 
    7.3200   814.8586   -6.050210171e-10   -2.605032670e-10 
    7.3300   815.9718   -6.036618944e-10   -2.599312089e-10 
    7.3400   817.0850   -6.022281820e-10   -2.592816803e-10 
    7.3500   818.1982   -6.010740443e-10   -2.586299611e-10 
    7.3600   819.3114   -5.998771342e-10   -2.580631593e-10 
    7.3700   820.4246   -5.984339597e-10   -2.574659211e-10 
    7.3800   821.5378   -5.971597416e-10   -2.568048826e-10 
    7.3900   822.6509   -5.960647601e-10   -2.562103479e-10 
    7.4000   823.7641   -5.947306462e-10   -2.556551556e-10 
    7.4100   824.8773   -5.933408712e-10   -2.550220759e-10 
    7.4200   825.9905   -5.922270700e-10   -2.543924208e-10 
    7.4300   827.1037   -5.910528405e-10   -2.538452514e-10 
    7.4400   828.2169   -5.896436317e-10   -2.532629278e-10 
    7.4500   829.3301   -5.884152747e-10   -2.526211611e-10 
    7.4600   830.4433   -5.873489505e-10   -2.520483351e-10 
    7.4700   831.5565   -5.860391503e-10   -2.515091400e-10 
    7.4800   832.6697   -5.846923806e-10   -2.508920289e-10 
    7.4900   833.7829   -5.836168147e-10   -2.502838020e-10 
    7.5000   834.8961   -5.824639662e-10   -2.497553233e-10 
    7.5100   836.0093   -5.810882432e-10   -2.491872814e-10 
    7.5200   837.1225   -5.799041170e-10   -2.485643254e-10 
    7.5300   838.2357   -5.788645595e-10   -2.480123702e-10 
    7.5400   839.3489   -5.775784686e-10   -2.474883497e-10 
    7.5500   840.4621   -5.762737816e-10   -2.468867648e-10 
    7.5600   841.5753   -5.752344110e-10   -2.462993438e-10 
    7.5700   842.6885   -5.741017538e-10   -2.457886494e-10 
    7.5800   843.8016   -5.727590625e-10   -2.452343054e-10 
    7.5900   844.9148   -5.716175415e-10   -2.446297219e-10 
    7.6000   846.0280   -5.706029504e-10   -2.440978221e-10 
    7.6100   847.1412   -5.693400347e-10   -2.435881987e-10 
    7.6200   848.2544   -5.680765036e-10   -2.430017308e-10 
    7.6300   849.3676   -5.670713390e-10   -2.424345082e-10 
    7.6400   850.4808   -5.659577834e-10   -2.419407242e-10 
    7.6500   851.5940   -5.646476974e-10   -2.413995303e-10 
    7.6600   852.7072   -5.635471757e-10   -2.408128932e-10 
    7.6700   853.8204   -5.625558513e-10   -2.403002463e-10 
    7.6800   854.9336   -5.613156486e-10   -2.398042780e-10 
    7.6900   856.0468   -5.600923526e-10   -2.392325371e-10 
    7.7000   857.1600   -5.591194760e-10   -2.386849065e-10 
    7.7100   858.2732   -5.580240450e-10   -2.382071813e-10 
    7.7200   859.3864   -5.567461658e-10   -2.376786228e-10 
    7.7300   860.4996   -5.556850563e-10   -2.371095127e-10 
    7.7400   861.6128   -5.547153999e-10   -2.366153306e-10 
    7.7500   862.7260   -5.534975172e-10   -2.361323136e-10 
    7.7600   863.8392   -5.523135334e-10   -2.355749359e-10 
    7.7700   864.9523   -5.513710776e-10   -2.350463037e-10 
    7.7800   866.0655   -5.502928801e-10   -2.345838245e-10 
    7.7900   867.1787   -5.490468200e-10   -2.340674306e-10 
    7.8000   868.2919   -5.480235469e-10   -2.335154504e-10 
    7.8100   869.4051   -5.470740465e-10   -2.330389730e-10 
    7.8200   870.5183   -5.458781420e-10   -2.325682528e-10 
    7.8300   871.6315   -5.447325415e-10   -2.320249077e-10 
    7.8400   872.7447   -5.438187031e-10   -2.315146959e-10 
    7.8500   873.8579   -5.427569421e-10   -2.310666835e-10 
    7.8600   874.9711   -5.415423247e-10   -2.305620234e-10 
    7.8700   876.0843   -5.405553276e-10   -2.300267870e-10 
    7.8800   877.1975   -5.396245667e-10   -2.295672660e-10 
    7.8900   878.3107   -5.384503529e-10   -2.291082216e-10 
    7.9000   879.4239   -5.373421983e-10   -2.285785926e-10 
    7.9100   880.5371   -5.364552304e-10   -2.280862236e-10 
    7.9200   881.6503   -5.354091991e-10   -2.276519235e-10 
    7.9300   882.7635   -5.342256654e-10   -2.271585887e-10 
    7.9400   883.8767   -5.332734104e-10   -2.266397102e-10 
    7.9500   884.9899   -5.323600698e-10   -2.261964115e-10 
    7.9600   886.1030   -5.312073139e-10   -2.257484562e-10 
    7.9700   887.2162   -5.301356720e-10   -2.252322448e-10 
    7.9800   888.3294   -5.292738981e-10   -2.247571500e-10 
    7.9900   889.4426   -5.282429740e-10   -2.243358400e-10 
    8.0000   890.5558   -5.270901636e-10   -2.238534604e-10 
    8.0100   891.6690   -5.261711271e-10   -2.233505708e-10 
    8.0200   892.7822   -5.252739714e-10   -2.229227831e-10 
    8.0300   893.8954   -5.241424781e-10   -2.224853716e-10 
    8.0400   895.0086   -5.231064006e-10   -2.219823049e-10 
    8.0500   896.1218   -5.222681994e-10   -2.215239273e-10 
    8.0600   897.2350   -5.212518369e-10   -2.211149186e-10 
    8.0700   898.3482   -5.201293929e-10   -2.206431518e-10 
    8.0800   899.4614   -5.192420742e-10   -2.201558858e-10 
    8.0900   900.5746   -5.183599548e-10   -2.197429148e-10 
    8.1000   901.6878   -5.172495624e-10   -2.193155333e-10 
    8.1100   902.8010   -5.162480920e-10   -2.188253482e-10 
    8.1200   903.9142   -5.154319027e-10   -2.183831334e-10 
    8.1300   905.0274   -5.144296244e-10   -2.179857630e-10 
    8.1400   906.1406   -5.133371819e-10   -2.175242957e-10 
    8.1500   907.2538   -5.124800994e-10   -2.170522920e-10 
    8.1600   908.3669   -5.116119578e-10   -2.166534563e-10 
    8.1700   909.4801   -5.105225431e-10   -2.162356252e-10 
    8.1800   910.5933   -5.095547178e-10   -2.157580737e-10 
    8.1900   911.7065   -5.087590478e-10   -2.153314726e-10 
    8.2000   912.8197   -5.077704566e-10   -2.149451046e-10 
    8.2100   913.9329   -5.067076546e-10   -2.144936439e-10 
    8.2200   915.0461   -5.058793513e-10   -2.140365438e-10 
    8.2300   916.1593   -5.050242092e-10   -2.136511798e-10 
    8.2400   917.2725   -5.039556727e-10   -2.132424478e-10 
    8.2500   918.3857   -5.030205204e-10   -2.127772908e-10 
    8.2600   919.4989   -5.022439367e-10   -2.123657612e-10 
    8.2700   920.6121   -5.012686912e-10   -2.119897894e-10 
    8.2800   921.7253   -5.002351517e-10   -2.115480708e-10 
    8.2900   922.8385   -4.994341889e-10   -2.111055227e-10 
    8.3000   923.9517   -4.985911474e-10   -2.107329873e-10 
    8.3100   925.0649   -4.975434112e-10   -2.103329404e-10 
    8.3200   926.1781   -4.966399487e-10   -2.098799551e-10 
    8.3300   927.2913   -4.958810814e-10   -2.094829640e-10 
    8.3400   928.4045   -4.949189083e-10   -2.091168152e-10 
    8.3500   929.5176   -4.939142526e-10   -2.086845989e-10 
    8.3600   930.6308   -4.931392233e-10   -2.082562554e-10 
    8.3700   931.7440   -4.923074690e-10   -2.078959242e-10 
    8.3800   932.8572   -4.912804828e-10   -2.075041796e-10 
    8.3900   933.9704   -4.904077289e-10   -2.070631534e-10 
    8.4000   935.0836   -4.896652780e-10   -2.066801769e-10 
    8.4100   936.1968   -4.887159597e-10   -2.063233078e-10 
    8.4200   937.3100   -4.877397934e-10   -2.059003763e-10 
    8.4300   938.4232   -4.869893138e-10   -2.054858932e-10 
    8.4400   939.5364   -4.861681064e-10   -2.051371608e-10 
    8.4500   940.6496   -4.851618262e-10   -2.047533636e-10 
    8.4600   941.7628   -4.843187807e-10   -2.043240916e-10 
    8.4700   942.8760   -4.835915029e-10   -2.039546072e-10 
    8.4800   943.9892   -4.826548729e-10   -2.036064959e-10 
    8.4900   945.1024   -4.817067871e-10   -2.031926446e-10 
    8.5000   946.2156   -4.809794992e-10   -2.027916745e-10 
    8.5100   947.3288   -4.801681705e-10   -2.024539458e-10 
    8.5200   948.4420   -4.791825653e-10   -2.020777639e-10 
    8.5300   949.5552   -4.783682272e-10   -2.016600418e-10 
    8.5400   950.6683   -4.776549463e-10   -2.013035309e-10 
    8.5500   951.7815   -4.767308848e-10   -2.009636828e-10 
    8.5600   952.8947   -4.758104540e-10   -2.005587268e-10 
    8.5700   954.0079   -4.751050302e-10   -2.001709232e-10 
    8.5800   955.1211   -4.743029834e-10   -1.998436262e-10 
    8.5900   956.2343   -4.733380256e-10   -1.994747577e-10 
    8.6000   957.3475   -4.725513828e-10   -1.990683922e-10 
    8.6100   958.4607   -4.718509845e-10   -1.987243477e-10 
    8.6200   959.5739   -4.709394167e-10   -1.983922995e-10 
    8.6300   960.6871   -4.700461984e-10   -1.979960727e-10 
    8.6400   961.8003   -4.693613409e-10   -1.976210955e-10 
    8.6500   962.9135   -4.685680519e-10   -1.973036793e-10 
    8.6600   964.0267   -4.676237256e-10   -1.969418508e-10 
    8.6700   965.1399   -4.668637708e-10   -1.965466545e-10 
    8.6800   966.2531   -4.661752107e-10   -1.962145774e-10 
    8.6900   967.3663   -4.652761060e-10   -1.958898916e-10 
    8.7000   968.4795   -4.644096456e-10   -1.955022440e-10 
    8.7100   969.5927   -4.637440937e-10   -1.951397515e-10 
    8.7200   970.7059   -4.629591046e-10   -1.948316805e-10 
    8.7300   971.8190   -4.620353885e-10   -1.944766406e-10 
    8.7400   972.9322   -4.613011020e-10   -1.940924277e-10 
    8.7500   974.0454   -4.606233927e-10   -1.937718219e-10 
    8.7600   975.1586   -4.597367511e-10   -1.934540859e-10 
    8.7700   976.2718   -4.588965690e-10   -1.930748796e-10 
    8.7800   977.3850   -4.582490906e-10   -1.927245296e-10 
    8.7900   978.4982   -4.574720045e-10   -1.924252886e-10 
    8.8000   979.6114   -4.565688752e-10   -1.920768099e-10 
    8.8100   980.7246   -4.558592383e-10   -1.917033969e-10 
    8.8200   981.8378   -4.551914580e-10   -1.913937773e-10 
    8.8300   982.9510   -4.543173135e-10   -1.910826039e-10 
    8.8400   984.0642   -4.535029121e-10   -1.907117094e-10 
    8.8500   985.1774   -4.528723087e-10   -1.903731573e-10 
    8.8600   986.2906   -4.521027866e-10   -1.900822454e-10 
    8.8700   987.4038   -4.512202111e-10   -1.897401169e-10 
    8.8800   988.5170   -4.505341996e-10   -1.893773166e-10 
    8.8900   989.6302   -4.498754872e-10   -1.890781996e-10 
    8.9000   990.7434   -4.490139010e-10   -1.887732233e-10 
    8.9100   991.8566   -4.482247628e-10   -1.884105238e-10 
    8.9200   992.9697   -4.476098756e-10   -1.880834264e-10 
    8.9300   994.0829   -4.468476435e-10   -1.878003654e-10 
    8.9400   995.1961   -4.459855907e-10   -1.874644045e-10 
    8.9500   996.3093   -4.453221922e-10   -1.871120393e-10 
    8.9600   997.4225   -4.446717557e-10   -1.868229562e-10 
    8.9700   998.5357   -4.438228185e-10   -1.865238443e-10 
    8.9800   999.6489   -4.430584113e-10   -1.861692375e-10 
    8.9900  1000.7621   -4.424581219e-10   -1.858532560e-10 
    9.0000  1001.8753   -4.417029570e-10   -1.855775889e-10 
    9.0100  1002.9885   -4.408613767e-10   -1.852476312e-10 
    9.0200  1004.1017   -4.402195700e-10   -1.849055214e-10 
    9.0300  1005.2149   -4.395766694e-10   -1.846260115e-10 
    9.0400  1006.3281   -4.387404834e-10   -1.843324504e-10 
    9.0500  1007.4413   -4.380002468e-10   -1.839858369e-10 
    9.0600  1008.5545   -4.374134713e-10   -1.836806269e-10 
    9.0700  1009.6677   -4.366652037e-10   -1.834119117e-10 
    9.0800  1010.7809   -4.358440364e-10   -1.830878072e-10 
    9.0900  1011.8941   -4.352228111e-10   -1.827557685e-10 
    9.1000  1013.0073   -4.345867758e-10   -1.824853749e-10 
    9.1100  1014.1204   -4.337634707e-10   -1.821970721e-10 
    9.1200  1015.2336   -4.330468326e-10   -1.818583594e-10 
    9.1300  1016.3468   -4.324725295e-10   -1.815635757e-10 
    9.1400  1017.4600   -4.317310356e-10   -1.813013892e-10 
    9.1500  1018.5732   -4.309302022e-10   -1.809830060e-10 
    9.1600  1019.6864   -4.303285458e-10   -1.806608533e-10 
    9.1700  1020.7996   -4.296987534e-10   -1.803991284e-10 
    9.1800  1021.9128   -4.288884609e-10   -1.801158141e-10 
    9.1900  1023.0260   -4.281948213e-10   -1.797849146e-10 
    9.2000  1024.1392   -4.276319870e-10   -1.795002139e-10 
    9.2100  1025.2524   -4.268971899e-10   -1.792441528e-10 
    9.2200  1026.3656   -4.261165986e-10   -1.789313769e-10 
    9.2300  1027.4788   -4.255335142e-10   -1.786189263e-10 
    9.2400  1028.5920   -4.249094122e-10   -1.783654372e-10 
    9.2500  1029.7052   -4.241122851e-10   -1.780868687e-10 
    9.2600  1030.8184   -4.234410350e-10   -1.777637066e-10 
    9.2700  1031.9316   -4.228887157e-10   -1.774887489e-10 
    9.2800  1033.0448   -4.221605862e-10   -1.772384340e-10 
    9.2900  1034.1580   -4.214001278e-10   -1.769311690e-10 
    9.3000  1035.2712   -4.208346243e-10   -1.766282362e-10 
    9.3100  1036.3843   -4.202157124e-10   -1.763825575e-10 
    9.3200  1037.4975   -4.194319054e-10   -1.761085113e-10 
    9.3300  1038.6107   -4.187824115e-10   -1.757930089e-10 
    9.3400  1039.7239   -4.182396896e-10   -1.755274511e-10 
    9.3500  1040.8371   -4.175182300e-10   -1.752825182e-10 
    9.3600  1041.9503   -4.167777687e-10   -1.749806762e-10 
    9.3700  1043.0635   -4.162288634e-10   -1.746870691e-10 
    9.3800  1044.1767   -4.156146960e-10   -1.744487835e-10 
    9.3900  1045.2899   -4.148443685e-10   -1.741790519e-10 
    9.4000  1046.4031   -4.142159842e-10   -1.738711326e-10 
    9.4100  1047.5163   -4.136819919e-10   -1.736146308e-10 
    9.4200  1048.6295   -4.129672494e-10   -1.733747323e-10 
    9.4300  1049.7427   -4.122466376e-10   -1.730782371e-10 
    9.4400  1050.8559   -4.117133668e-10   -1.727937600e-10 
    9.4500  1051.9691   -4.111035554e-10   -1.725624606e-10 
    9.4600  1053.0823   -4.103468684e-10   -1.722968576e-10 
    9.4700  1054.1955   -4.097389276e-10   -1.719964491e-10 
    9.4800  1055.3087   -4.092128348e-10   -1.717486628e-10 
    9.4900  1056.4219   -4.085048807e-10   -1.715134737e-10 
    9.5000  1057.5350   -4.078039390e-10   -1.712222653e-10 
    9.5100  1058.6482   -4.072853460e-10   -1.709467254e-10 
    9.5200  1059.7614   -4.066795509e-10   -1.707220209e-10 
    9.5300  1060.8746   -4.059366602e-10   -1.704603839e-10 
    9.5400  1061.9878   -4.053484823e-10   -1.701674177e-10 
    9.5500  1063.1010   -4.048295093e-10   -1.699280087e-10 
    9.5600  1064.2142   -4.041284532e-10   -1.696972244e-10 
    9.5700  1065.3274   -4.034469869e-10   -1.694112541e-10 
    9.5800  1066.4406   -4.029421381e-10   -1.691444509e-10 
    9.5900  1067.5538   -4.023400756e-10   -1.689259587e-10 
    9.6000  1068.6670   -4.016111407e-10   -1.686681416e-10 
    9.6100  1069.7802   -4.010420390e-10   -1.683825462e-10 
    9.6200  1070.8934   -4.005294553e-10   -1.681511750e-10 
    9.6300  1072.0066   -3.998354347e-10   -1.679245064e-10 
    9.6400  1073.1198   -3.991732268e-10   -1.676437298e-10 
    9.6500  1074.2330   -3.986812086e-10   -1.673854589e-10 
    9.6600  1075.3462   -3.980826455e-10   -1.671728061e-10 
    9.6700  1076.4594   -3.973678153e-10   -1.669186741e-10 
    9.6800  1077.5726   -3.968170858e-10   -1.666403756e-10 
    9.6900  1078.6857   -3.963102039e-10   -1.664167064e-10 
    9.7000  1079.7989   -3.956233765e-10   -1.661938816e-10 
    9.7100  1080.9121   -3.949801795e-10   -1.659182630e-10 
    9.7200  1082.0253   -3.945000898e-10   -1.656683178e-10 
    9.7300  1083.1385   -3.939048329e-10   -1.654611461e-10 
    9.7400  1084.2517   -3.932042420e-10   -1.652105866e-10 
    9.7500  1085.3649   -3.926711644e-10   -1.649395124e-10 
    9.7600  1086.4781   -3.921693353e-10   -1.647232111e-10 
    9.7700  1087.5913   -3.914898746e-10   -1.645039803e-10 
    9.7800  1088.7045   -3.908654165e-10   -1.642334935e-10 
    9.7900  1089.8177   -3.903963786e-10   -1.639916625e-10 
    9.8000  1090.9309   -3.898042842e-10   -1.637896237e-10 
    9.8100  1092.0441   -3.891180595e-10   -1.635425392e-10 
    9.8200  1093.1573   -3.886019127e-10   -1.632786139e-10 
    9.8300  1094.2705   -3.881045463e-10   -1.630693471e-10 
    9.8400  1095.3837   -3.874326570e-10   -1.628534757e-10 
    9.8500  1096.4969   -3.868266504e-10   -1.625880990e-10 
    9.8600  1097.6101   -3.863678160e-10   -1.623541670e-10 
    9.8700  1098.7233   -3.857787874e-10   -1.621569271e-10 
    9.8800  1099.8364   -3.851070471e-10   -1.619132335e-10 
    9.8900  1100.9496   -3.846071018e-10   -1.616563800e-10 
    9.9000  1102.0628   -3.841136485e-10   -1.614538220e-10 
    9.9100  1103.1760   -3.834495405e-10   -1.612410954e-10 
    9.9200  1104.2892   -3.828616654e-10   -1.609808144e-10 
    9.9300  1105.4024   -3.824122030e-10   -1.607545676e-10 
    9.9400  1106.5156   -3.818261755e-10   -1.605618077e-10 
    9.9500  1107.6288   -3.811690112e-10   -1.603214361e-10 
    9.9600  1108.7420   -3.806845267e-10   -1.600715742e-10 
    9.9700  1109.8552   -3.801944810e-10   -1.598754017e-10 
    9.9800  1110.9684   -3.795383783e-10   -1.596656223e-10 
    9.9900  1112.0816   -3.789682926e-10   -1.594104249e-10 
   10.0000  1113.1948   -3.785274025e-10   -1.591916381e-10 
